		huidige situatie (2010)					verandering			situatie na realiseren kansen							
ID		# (000)	onder 	boven	€		? #	? €/stuk		# (000)	onder 	boven		€	? €	? € na TW corr	
1a	14	177.4772692	139.3277016	179.1356163	28260		0.1	0.01		195.2249961	140.7209786	179.1356163	17.74772692	31222.00125	2962.00125	2962.00125	1
	Reparatie																
																	
1b	14	1183.181795	252.4925841	398.0791474	384872.3144		-0.015	0		1165.434068	252.4925841	398.0791474	-17.74772692	379099.2297	-5773.084716	0	1
	Nieuwwaarde																
																	
2a	1-18	4.32850167	0	1	2.164250835		0.03	0		4.45835672	0	1	0.12985505	2.22917836	0.064927525	0.064927525	2
	Hergebruik	4.32850167	0	1	2.164250835		0.03	0		4.45835672	0	1	0.12985505	2.22917836	0.064927525	0.064927525	2
		512.0617476	8.915680473	22.27071006	7984.678819		0.03	0		527.4236	8.915680473	22.27071006	15.36185243	8224.219183	239.5403646	239.5403646	2
		105.1825906	20	55	3944.347147		0.03	0		108.3380683	20	55	3.155477718	4062.677561	118.3304144	118.3304144	2
		399.5207042	20	30	9988.017604		0.03	0		411.5063253	20	30	11.98562113	10287.65813	299.6405281	299.6405281	2
		2739.508707	35	60	130126.6636		0.03	0		2821.693968	35	60	82.18526121	134030.4635	3903.799908	3903.799908	2
		525.4801028	14.35415237	14.75188744	7647.322395		0.03	0		541.2445059	14.35415237	14.75188744	15.76440308	7876.742067	229.4196718	229.4196718	2
		2052.142642	64.96625185	133.196583	203329.2017		0.03	0		2113.706921	64.96625185	133.196583	61.56427926	209429.0778	6099.876051	6099.876051	2
		682.1718632	70	100	57984.60838		0.03	0		702.6370191	70	100	20.4651559	59724.14663	1739.538251	1739.538251	2
		4.32850167	1	2	6.492752505		0.03	0		4.45835672	1	2	0.12985505	6.687535081	0.194782575	0.194782575	2
		639.3196967	15	25	12786.39393		0.03	0		658.4992876	15	25	19.1795909	13169.98575	383.591818	383.591818	2
		106.0482909	40	80	6362.897455		0.03	0		109.2297396	40	80	3.181448728	6553.784379	190.8869237	190.8869237	2
		52.80772038	12	160	4541.463952		0.03	0		54.39195199	12	160	1.584231611	4677.707871	136.2439186	136.2439186	2
		1025.422046	18.21021528	199.7720557	111761.9131		0.03	0		1056.184707	18.21021528	199.7720557	30.76266137	115114.7705	3352.857394	3352.857394	2
		733.2481829	84.62092131	328.6372361	151510.3965		0.03	0		755.2456284	84.62092131	328.6372361	21.99744549	156055.7084	4545.311895	4545.311895	2
		77.4801799	17.29050279	245.8100559	10192.53931		0.03	0		79.8045853	17.29050279	245.8100559	2.324405397	10498.31549	305.7761792	305.7761792	2
		3209.151138	36.3115727	627.8560831	1065707.194		0.03	0		3305.425673	36.3115727	627.8560831	96.27453415	1097678.41	31971.21583	31971.21583	2
																	
2b	1-18	52539.5599	6.234938267	12.14323076	482790.4563		-2.47157E-06	0		52539.43005	6.234938267	12.14323076	-0.12985505	482789.263	-1.19324903	0	2
	Nieuwwaarde	2226	40	62	113526		-5.83356E-05	0		2225.870145	40	62	-0.12985505	113519.3774	-6.622607556	0	2
		1272.54535	40.67107964	75.4393547	73877.89663		-0.012071752	0		1257.183497	40.67107964	75.4393547	-15.36185243	72986.06095	-891.8356789	0	2
		9627.10166	64.5701586	122.0512717	898311.7405		-0.00032777	0		9623.946182	64.5701586	122.0512717	-3.155477718	898017.3007	-294.4398824	0	2
		808.6567823	72.01582727	127.3717135	80618.04358		-0.014821642	0		796.6711611	72.01582727	127.3717135	-11.98562113	79423.15182	-1194.89176	0	2
		16509.99843	92.59572405	175.4088598	2212377.63		-0.004977908	0		16427.81317	92.59572405	175.4088598	-82.18526121	2201364.616	-11013.01336	0	2
		730.4208092	125.9297118	208.0992191	121990.841		-0.021582631	0		714.6564061	125.9297118	208.0992191	-15.76440308	119357.9577	-2632.883354	0	2
		3806.149234	140.5002666	216.7545068	679882.491		-0.016174951	0		3744.584955	140.5002666	216.7545068	-61.56427926	668885.4247	-10997.06632	0	2
		774.5905374	125.9507407	224.6348123	135780.126		-0.026420612	0		754.1253815	125.9507407	224.6348123	-20.4651559	132192.732	-3587.393999	0	2
		3149.944205	132.310867	233.9723982	576885.9244		-4.12246E-05	0		3149.81435	132.310867	233.9723982	-0.12985505	576862.1426	-23.78186588	0	2
		18610.50956	163.2203669	288.3854407	4202307.1		-0.001030578	0		18591.32997	163.2203669	288.3854407	-19.1795909	4197976.292	-4330.807319	0	2
		4547.74925	188.6321936	311.5827022	1137425.959		-0.000699566	0		4544.567801	188.6321936	311.5827022	-3.181448728	1136630.255	-795.7040219	0	2
		921.9920819	210.6913221	327.5516199	248127.8654		-0.00171827	0		920.4078503	210.6913221	327.5516199	-1.584231611	247701.5146	-426.3507417	0	2
		1183.181795	252.4925841	398.0791474	384872.3144		-0.025999945	0		1152.419133	252.4925841	398.0791474	-30.76266137	374865.6555	-10006.65894	0	2
		1192.843387	217.4564989	403.2381831	370195.7733		-0.018441185	0		1170.845941	217.4564989	403.2381831	-21.99744549	363368.9246	-6826.848717	0	2
		692.8919129	474.3571336	800.9907313	441839.1108		-0.003354644	0		690.5675075	474.3571336	800.9907313	-2.324405397	440356.8981	-1482.21273	0	2
		4233.984381	777.3110416	1265.238489	4324061.405		-0.022738519	0		4137.709847	777.3110416	1265.238489	-96.27453415	4225738.652	-98322.75225	0	2
																	
3	1-18	52539.5599	6.234938267	12.14323076	482790.4563		0.01	-0.02		52539.5599	6.110239502	11.90036615	0	473134.6472	-9655.809126	0	1
	Nieuwwaarde	2226	40	62	113526		0.01	-0.02		2226	39.2	60.76	0	111255.48	-2270.52	0	1
		1272.54535	40.67107964	75.4393547	73877.89663		0.01	-0.02		1272.54535	39.85765805	73.93056761	0	72400.3387	-1477.557933	0	1
		9627.10166	64.5701586	122.0512717	898311.7405		0.01	-0.02		9627.10166	63.27875543	119.6102462	0	880345.5057	-17966.23481	0	1
		808.6567823	72.01582727	127.3717135	80618.04358		0.01	-0.02		808.6567823	70.57551073	124.8242792	0	79005.68271	-1612.360872	0	1
		16509.99843	92.59572405	175.4088598	2212377.63		0.01	-0.02		16509.99843	90.74380957	171.9006826	0	2168130.077	-44247.55259	0	1
		730.4208092	125.9297118	208.0992191	121990.841		0.01	-0.02		730.4208092	123.4111176	203.9372347	0	119551.0242	-2439.81682	0	1
		3806.149234	140.5002666	216.7545068	679882.491		0.01	-0.02		3806.149234	137.6902613	212.4194167	0	666284.8412	-13597.64982	0	1
		774.5905374	125.9507407	224.6348123	135780.126		0.01	-0.02		774.5905374	123.4317259	220.1421161	0	133064.5234	-2715.602519	0	1
		3149.944205	132.310867	233.9723982	576885.9244		0.01	-0.02		3149.944205	129.6646497	229.2929503	0	565348.2059	-11537.71849	0	1
		18610.50956	163.2203669	288.3854407	4202307.1		0.01	-0.02		18610.50956	159.9559596	282.6177318	0	4118260.958	-84046.14199	0	1
		4547.74925	188.6321936	311.5827022	1137425.959		0.01	-0.02		4547.74925	184.8595498	305.3510481	0	1114677.439	-22748.51917	0	1
		921.9920819	210.6913221	327.5516199	248127.8654		0.01	-0.02		921.9920819	206.4774957	321.0005875	0	243165.3081	-4962.557307	0	1
		1183.181795	252.4925841	398.0791474	384872.3144		0.01	-0.02		1183.181795	247.4427324	390.1175644	0	377174.8681	-7697.446288	0	1
		1192.843387	217.4564989	403.2381831	370195.7733		0.01	-0.02		1192.843387	213.1073689	395.1734195	0	362791.8579	-7403.915466	0	1
		692.8919129	474.3571336	800.9907313	441839.1108		0.01	-0.02		692.8919129	464.8699909	784.9709166	0	433002.3286	-8836.782217	0	1
		4233.984381	777.3110416	1265.238489	4324061.405		0.01	-0.02		4233.984381	761.7648207	1239.933719	0	4237580.177	-86481.22809	0	1
																	
4	1-18	44444.44444	-1.597444089	0.098949511	-33299.87952		0.01	-0.01		44888.88889	-1.581469649	0.097960016	444.4444444	-33296.54953	3.329987952	3.329987952	2
	Recycling	2020	-16.1341853	11.11570996	-5068.660095		0.01	-0.01		2040.2	-15.97284345	11.00455286	20.2	-5068.153229	0.50686601	0.50686601	2
		952.3809524	-7.987220447	28.68693506	9857.006957		0.01	-0.01		961.9047619	-7.907348243	28.40006571	9.523809524	9856.021256	-0.985700696	-0.985700696	2
		9000	-21.56549521	4.911302514	-74943.86712		0.01	-0.01		9090	-21.34984026	4.862189489	90	-74936.37273	7.494386712	7.494386712	2
		750	-11.98083067	61.50474387	18571.46745		0.01	-0.01		757.5	-11.86102236	60.88969643	7.5	18569.6103	-1.857146745	-1.857146745	2
		8080	-16.1341853	7.862072621	-33419.33524		0.01	-0.01		8160.8	-15.97284345	7.783451895	80.8	-33415.9933	3.341933524	3.341933524	2
		595.2380952	-9.984025559	126.61251	34710.85847		0.01	-0.01		601.1904762	-9.884185304	125.3463849	5.952380952	34707.38738	-3.471085847	-3.471085847	2
		3600	-7.188498403	21.80532287	26310.28405		0.01	-0.01		3636	-7.116613419	21.58726965	36	26307.65302	-2.631028405	-2.631028405	2
		564.7058824	-19.16932907	144.0627284	35264.01864		0.01	-0.01		570.3529412	-18.97763578	142.6221011	5.647058824	35260.49224	-3.526401864	-3.526401864	2
		2266.666667	-13.57827476	37.38297454	26978.65975		0.01	-0.01		2289.333333	-13.44249201	37.00914479	22.66666667	26975.96188	-2.697865975	-2.697865975	2
		16666.66667	-19.96805112	6.266448396	-114180.0227		0.01	-0.01		16833.33333	-19.76837061	6.203783912	166.6666667	-114168.6047	11.41800227	11.41800227	2
		4000	-12.77955272	28.21046432	30861.82321		0.01	-0.01		4040	-12.65175719	27.92835968	40	30858.73703	-3.086182321	-3.086182321	2
		750	-11.98083067	158.1668169	54819.74483		0.01	-0.01		757.5	-11.86102236	156.5851487	7.5	54814.26286	-5.481974483	-5.481974483	2
		857.1428571	-11.98083067	168.195009	66948.93356		0.01	-0.01		865.7142857	-11.86102236	166.5130589	8.571428571	66942.23867	-6.694893356	-6.694893356	2
		950	-7.587859425	153.7216121	69413.53251		0.01	-0.01		959.5	-7.511980831	152.184396	9.5	69406.59116	-6.941353251	-6.941353251	2
		500	-7.987220447	232.0675215	56020.07526		0.01	-0.01		505	-7.907348243	229.7468463	5	56014.47325	-5.602007526	-5.602007526	2
		3750	-11.98083067	122.1906608	206643.4314		0.01	-0.01		3787.5	-11.86102236	120.9687542	37.5	206622.7671	-20.66434314	-20.66434314	
																	
5a	"5-9, 14-18"						0.02	0		0	0	0	0	0	0	0	1
	Hergebruik						0.02	0		0	0	0	0	0	0	0	1
		512.0617476	8.915680473	22.27071006	7984.678819		0.02	0		522.3029825	8.915680473	22.27071006	10.24123495	8144.372395	159.6935764	159.6935764	1
		105.1825906	20	55	3944.347147		0.02	0		107.2862424	20	55	2.103651812	4023.23409	78.88694294	78.88694294	1
							0.02	0		0	0	0	0	0	0	0	1
							0.02	0		0	0	0	0	0	0	0	1
		525.4801028	14.35415237	14.75188744	7647.322395		0.02	0		535.9897048	14.35415237	14.75188744	10.50960206	7800.268843	152.9464479	152.9464479	1
		2052.142642	64.96625185	133.196583	203329.2017		0.02	0		2093.185495	64.96625185	133.196583	41.04285284	207395.7857	4066.584034	4066.584034	1
							0.02	0		0	0	0	0	0	0	0	1
		4.32850167	1	2	6.492752505		0.02	0		4.415071704	1	2	0.086570033	6.622607556	0.12985505	0.12985505	1
		639.3196967	15	25	12786.39393		0.02	0		652.1060906	15	25	12.78639393	13042.12181	255.7278787	255.7278787	1
		106.0482909	40	80	6362.897455		0.02	0		108.1692567	40	80	2.120965818	6490.155404	127.2579491	127.2579491	1
		52.80772038	12	160	4541.463952		0.02	0		53.86387479	12	160	1.056154408	4632.293232	90.82927905	90.82927905	1
		1025.422046	18.21021528	199.7720557	111761.9131		0.02	0		1045.930487	18.21021528	199.7720557	20.50844091	113997.1514	2235.238263	2235.238263	1
		733.2481829	84.62092131	328.6372361	151510.3965		0.02	0		747.9131466	84.62092131	328.6372361	14.66496366	154540.6044	3030.20793	3030.20793	1
							0.02	0		0	0	0	0	0	0	0	1
							0.02	0		0	0	0	0	0	0	0	1
																	
5b	"5-9, 14-18"							0		0	0	0	0	0	0	0	1
	Nieuwwaarde							0		0	0	0	0	0	0	0	1
		1272.54535	40.67107964	75.4393547	73877.89663		-0.008047835	0		1262.304115	40.67107964	75.4393547	-10.24123495	73283.33951	-594.5571193	0	1
		9627.10166	64.5701586	122.0512717	898311.7405		-0.000218514	0		9624.998008	64.5701586	122.0512717	-2.103651812	898115.4473	-196.2932549	0	1
								0		0	0	0	0	0	0	0	1
								0		0	0	0	0	0	0	0	1
		730.4208092	125.9297118	208.0992191	121990.841		-0.014388421	0		719.9112072	125.9297118	208.0992191	-10.50960206	120235.5854	-1755.255569	0	1
		3806.149234	140.5002666	216.7545068	679882.491		-0.010783301	0		3765.106381	140.5002666	216.7545068	-41.04285284	672551.1135	-7331.377545	0	1
								0		0	0	0	0	0	0	0	1
		3149.944205	132.310867	233.9723982	576885.9244		-2.7483E-05	0		3149.857635	132.310867	233.9723982	-0.086570033	576870.0699	-15.85457725	0	1
		18610.50956	163.2203669	288.3854407	4202307.1		-0.000687052	0		18597.72316	163.2203669	288.3854407	-12.78639393	4199419.895	-2887.204879	0	1
		4547.74925	188.6321936	311.5827022	1137425.959		-0.000466377	0		4545.628284	188.6321936	311.5827022	-2.120965818	1136895.489	-530.4693479	0	1
		921.9920819	210.6913221	327.5516199	248127.8654		-0.001145514	0		920.9359275	210.6913221	327.5516199	-1.056154408	247843.6315	-284.2338278	0	1
		1183.181795	252.4925841	398.0791474	384872.3144		-0.017333297	0		1162.673354	252.4925841	398.0791474	-20.50844091	378201.2084	-6671.105957	0	1
		1192.843387	217.4564989	403.2381831	370195.7733		-0.012294123	0		1178.178423	217.4564989	403.2381831	-14.66496366	365644.5408	-4551.232478	0	1
								0		0	0	0	0	0	0	0	1
								0		0	0	0	0	0	0	0	1
																	
6	13	44444.44444	-1.597444089	0.098949511	-33299.87952		0.01	0		44444.44444	-1.597444089	0.098949511	0	-33299.87952	0	0	1
	Recycling																
																	
7	4-18	44444.44444	-1.597444089	0.098949511	-33299.87952		0.01	0		44888.88889	-1.597444089	0.098949511	444.4444444	-33632.87832	-332.9987952	-332.9987952	3
	Recycling						0.01	0		0	0	0	0	0	0	0	3
		952.3809524	-7.987220447	28.68693506	9857.006957		0.01	0		961.9047619	-7.987220447	28.68693506	9.523809524	9955.577026	98.57006957	98.57006957	3
		9000	-21.56549521	4.911302514	-74943.86712		0.01	0		9090	-21.56549521	4.911302514	90	-75693.30579	-749.4386712	-749.4386712	3
		750	-11.98083067	61.50474387	18571.46745		0.01	0		757.5	-11.98083067	61.50474387	7.5	18757.18212	185.7146745	185.7146745	3
							0.01	0		0	0	0	0	0	0	0	3
		595.2380952	-9.984025559	126.61251	34710.85847		0.01	0		601.1904762	-9.984025559	126.61251	5.952380952	35057.96705	347.1085847	347.1085847	3
		3600	-7.188498403	21.80532287	26310.28405		0.01	0		3636	-7.188498403	21.80532287	36	26573.38689	263.1028405	263.1028405	3
		564.7058824	-19.16932907	144.0627284	35264.01864		0.01	0		570.3529412	-19.16932907	144.0627284	5.647058824	35616.65883	352.6401864	352.6401864	3
		2266.666667	-13.57827476	37.38297454	26978.65975		0.01	0		2289.333333	-13.57827476	37.38297454	22.66666667	27248.44635	269.7865975	269.7865975	3
		16666.66667	-19.96805112	6.266448396	-114180.0227		0.01	0		16833.33333	-19.96805112	6.266448396	166.6666667	-115321.8229	-1141.800227	-1141.800227	3
		4000	-12.77955272	28.21046432	30861.82321		0.01	0		4040	-12.77955272	28.21046432	40	31170.44144	308.6182321	308.6182321	3
		750	-11.98083067	158.1668169	54819.74483		0.01	0		757.5	-11.98083067	158.1668169	7.5	55367.94228	548.1974483	548.1974483	3
		857.1428571	-11.98083067	168.195009	66948.93356		0.01	0		865.7142857	-11.98083067	168.195009	8.571428571	67618.4229	669.4893356	669.4893356	3
		950	-7.587859425	153.7216121	69413.53251		0.01	0		959.5	-7.587859425	153.7216121	9.5	70107.66784	694.1353251	694.1353251	3
		500	-7.987220447	232.0675215	56020.07526		0.01	0		505	-7.987220447	232.0675215	5	56580.27601	560.2007526	560.2007526	3
		3750	-11.98083067	122.1906608	206643.4314		0.01	0		3787.5	-11.98083067	122.1906608	37.5	208709.8657	2066.434314	2066.434314	3
																	
8	5	16666.66667	-19.96805112	6.266448396	-114180.0227		0.01	0.02		16833.33333	-20.36741214	6.391777364	166.6666667	-117628.2594	-3448.236685	-3448.236685	2
	Recycling																
																	
9	4-18	44444.44444	-1.597444089	0.098949511	-33299.87952		0.02	0		45333.33333	-1.597444089	0.098949511	888.8888889	-33965.87711	-665.9975904	-665.9975904	1
	Recycling						0.02	0		0	0	0	0	0	0	0	1
		952.3809524	-7.987220447	28.68693506	9857.006957		0.02	0		971.4285714	-7.987220447	28.68693506	19.04761905	10054.1471	197.1401391	197.1401391	1
		9000	-21.56549521	4.911302514	-74943.86712		0.02	0		9180	-21.56549521	4.911302514	180	-76442.74446	-1498.877342	-1498.877342	1
		750	-11.98083067	61.50474387	18571.46745		0.02	0		765	-11.98083067	61.50474387	15	18942.8968	371.429349	371.429349	1
							0.02	0		0	0	0	0	0	0	0	1
		595.2380952	-9.984025559	126.61251	34710.85847		0.02	0		607.1428571	-9.984025559	126.61251	11.9047619	35405.07564	694.2171694	694.2171694	1
		3600	-7.188498403	21.80532287	26310.28405		0.02	0		3672	-7.188498403	21.80532287	72	26836.48973	526.205681	526.205681	1
		564.7058824	-19.16932907	144.0627284	35264.01864		0.02	0		576	-19.16932907	144.0627284	11.29411765	35969.29902	705.2803729	705.2803729	1
		2266.666667	-13.57827476	37.38297454	26978.65975		0.02	0		2312	-13.57827476	37.38297454	45.33333333	27518.23295	539.573195	539.573195	1
		16666.66667	-19.96805112	6.266448396	-114180.0227		0.02	0		17000	-19.96805112	6.266448396	333.3333333	-116463.6231	-2283.600454	-2283.600454	1
		4000	-12.77955272	28.21046432	30861.82321		0.02	0		4080	-12.77955272	28.21046432	80	31479.05967	617.2364641	617.2364641	1
		750	-11.98083067	158.1668169	54819.74483		0.02	0		765	-11.98083067	158.1668169	15	55916.13973	1096.394897	1096.394897	1
		857.1428571	-11.98083067	168.195009	66948.93356		0.02	0		874.2857143	-11.98083067	168.195009	17.14285714	68287.91223	1338.978671	1338.978671	1
		950	-7.587859425	153.7216121	69413.53251		0.02	0		969	-7.587859425	153.7216121	19	70801.80316	1388.27065	1388.27065	1
		500	-7.987220447	232.0675215	56020.07526		0.02	0		510	-7.987220447	232.0675215	10	57140.47676	1120.401505	1120.401505	1
		3750	-11.98083067	122.1906608	206643.4314		0.02	0		3825	-11.98083067	122.1906608	75	210776.3	4132.868628	4132.868628	1
																	
10a	"3, 5, 6, 10, 11"						0.02	-0.01		0	0	0	0	0	0	0	3
	Hergebruik						0.02	-0.01		0	0	0	0	0	0	0	3
							0.02	-0.01		0	0	0	0	0	0	0	3
		105.1825906	20	55	3944.347147		0.02	-0.01		107.2862424	19.8	54.45	2.103651812	3983.001749	38.65460204	38.65460204	3
							0.02	-0.01		0	0	0	0	0	0	0	3
		2739.508707	35	60	130126.6636		0.02	-0.01		2794.298881	34.65	59.4	54.79017414	131401.9049	1275.241303	1275.241303	3
							0.02	-0.01		0	0	0	0	0	0	0	3
							0.02	-0.01		0	0	0	0	0	0	0	3
							0.02	-0.01		0	0	0	0	0	0	0	3
							0.02	-0.01		0	0	0	0	0	0	0	3
		639.3196967	15	25	12786.39393		0.02	-0.01		652.1060906	14.85	24.75	12.78639393	12911.70059	125.3066606	125.3066606	3
							0.02	-0.01		0	0	0	0	0	0	0	3
							0.02	-0.01		0	0	0	0	0	0	0	3
							0.02	-0.01		0	0	0	0	0	0	0	3
							0.02	-0.01		0	0	0	0	0	0	0	3
		77.4801799	17.29050279	245.8100559	10192.53931		0.02	-0.01		79.0297835	17.11759777	243.3519553	1.549603598	10292.42619	99.88688522	99.88688522	3
		3209.151138	36.3115727	627.8560831	1065707.194		0.02	-0.01		3273.334161	35.94845697	621.5775223	64.18302277	1076151.125	10443.9305	10443.9305	3
																	
10a	"3, 5, 6, 10, 11"						0.02	-0.01		0	0	0	0	0	0	0	3
	Hergebruik componenten						0.02	-0.01		0	0	0	0	0	0	0	3
							0.02	-0.01		0	0	0	0	0	0	0	3
		2250	10	71	91125		0.02	-0.01		2295	9.9	70.29	45	92018.025	893.025	893.025	3
							0.02	-0.01		0	0	0	0	0	0	0	3
		375	5	77	15375		0.02	-0.01		382.5	4.95	76.23	7.5	15525.675	150.675	150.675	3
							0.02	-0.01		0	0	0	0	0	0	0	3
							0.02	-0.01		0	0	0	0	0	0	0	3
							0.02	-0.01		0	0	0	0	0	0	0	3
							0.02	-0.01		0	0	0	0	0	0	0	3
		1666.666667	8	46	45000		0.02	-0.01		1700	7.92	45.54	33.33333333	45441	441	441	3
							0.02	-0.01		0	0	0	0	0	0	0	3
							0.02	-0.01		0	0	0	0	0	0	0	3
							0.02	-0.01		0	0	0	0	0	0	0	3
							0.02	-0.01		0	0	0	0	0	0	0	3
		75	4	519	19612.5		0.02	-0.01		76.5	3.96	513.81	1.5	19804.7025	192.2025	192.2025	3
		375	31	708	138562.5		0.02	-0.01		382.5	30.69	700.92	7.5	139920.4125	1357.9125	1357.9125	3
																	
10b	"3, 5, 6, 10, 11"							-0.01		0	0	0	0	0	0	0	3
	Nieuwwaarde							-0.01		0	0	0	0	0	0	0	3
								-0.01		0	0	0	0	0	0	0	3
		9627.10166	64.5701586	122.0512717	898311.7405		-0.003724242	-0.01		9591.248008	63.92445702	120.8307589	-35.85365181	886016.5485	-12295.192	0	3
								-0.01		0	0	0	0	0	0	0	3
		16509.99843	92.59572405	175.4088598	2212377.63		-0.003659308	-0.01		16449.58326	91.66976681	173.6547712	-60.41517414	2182239.039	-30138.59038	0	3
								-0.01		0	0	0	0	0	0	0	3
								-0.01		0	0	0	0	0	0	0	3
								-0.01		0	0	0	0	0	0	0	3
								-0.01		0	0	0	0	0	0	0	3
		18610.50956	163.2203669	288.3854407	4202307.1		-0.002030379	-0.01		18572.72316	161.5881633	285.5015863	-37.78639393	4151837.074	-50470.0257	0	3
								-0.01		0	0	0	0	0	0	0	3
								-0.01		0	0	0	0	0	0	0	3
								-0.01		0	0	0	0	0	0	0	3
								-0.01		0	0	0	0	0	0	0	3
		692.8919129	474.3571336	800.9907313	441839.1108		-0.003860059	-0.01		690.2173093	469.6135622	792.980824	-2.674603598	435732.25	-6106.860852	0	3
		4233.984381	777.3110416	1265.238489	4324061.405		-0.016487548	-0.01		4164.176359	769.5379311	1252.586104	-69.80802277	4210240.55	-113820.8544	0	3
																	
11	1-18	44444.44444	-1.597444089	0.098949511	-33299.87952		0.01	0		44888.88889	-1.597444089	0.098949511	444.4444444	-33632.87832	-332.9987952	-332.9987952	1
	Recycling	2020	-16.1341853	11.11570996	-5068.660095		0.01	0		2040.2	-16.1341853	11.11570996	20.2	-5119.346696	-50.68660095	-50.68660095	1
		952.3809524	-7.987220447	28.68693506	9857.006957		0.01	0		961.9047619	-7.987220447	28.68693506	9.523809524	9955.577026	98.57006957	98.57006957	1
		9000	-21.56549521	4.911302514	-74943.86712		0.01	0		9090	-21.56549521	4.911302514	90	-75693.30579	-749.4386712	-749.4386712	1
		750	-11.98083067	61.50474387	18571.46745		0.01	0		757.5	-11.98083067	61.50474387	7.5	18757.18212	185.7146745	185.7146745	1
		8080	-16.1341853	7.862072621	-33419.33524		0.01	0		8160.8	-16.1341853	7.862072621	80.8	-33753.52859	-334.1933524	-334.1933524	1
		595.2380952	-9.984025559	126.61251	34710.85847		0.01	0		601.1904762	-9.984025559	126.61251	5.952380952	35057.96705	347.1085847	347.1085847	1
		3600	-7.188498403	21.80532287	26310.28405		0.01	0		3636	-7.188498403	21.80532287	36	26573.38689	263.1028405	263.1028405	1
		564.7058824	-19.16932907	144.0627284	35264.01864		0.01	0		570.3529412	-19.16932907	144.0627284	5.647058824	35616.65883	352.6401864	352.6401864	1
		2266.666667	-13.57827476	37.38297454	26978.65975		0.01	0		2289.333333	-13.57827476	37.38297454	22.66666667	27248.44635	269.7865975	269.7865975	1
		16666.66667	-19.96805112	6.266448396	-114180.0227		0.01	0		16833.33333	-19.96805112	6.266448396	166.6666667	-115321.8229	-1141.800227	-1141.800227	1
		4000	-12.77955272	28.21046432	30861.82321		0.01	0		4040	-12.77955272	28.21046432	40	31170.44144	308.6182321	308.6182321	1
		750	-11.98083067	158.1668169	54819.74483		0.01	0		757.5	-11.98083067	158.1668169	7.5	55367.94228	548.1974483	548.1974483	1
		857.1428571	-11.98083067	168.195009	66948.93356		0.01	0		865.7142857	-11.98083067	168.195009	8.571428571	67618.4229	669.4893356	669.4893356	1
		950	-7.587859425	153.7216121	69413.53251		0.01	0		959.5	-7.587859425	153.7216121	9.5	70107.66784	694.1353251	694.1353251	1
		500	-7.987220447	232.0675215	56020.07526		0.01	0		505	-7.987220447	232.0675215	5	56580.27601	560.2007526	560.2007526	1
		3750	-11.98083067	122.1906608	206643.4314		0.01	0		3787.5	-11.98083067	122.1906608	37.5	208709.8657	2066.434314	2066.434314	1
																	
12	"1, 3-18"	44444.44444	-1.597444089	0.098949511	-33299.87952		0.01	0.02		44888.88889	-1.629392971	0.100928501	444.4444444	-34305.53588	-1005.656362	-1005.656362	3
	Recycling	2020	-16.1341853	11.11570996	-5068.660095		0.01	0.02		2040.2	-16.45686901	11.33802416	20.2	-5221.73363	-153.0735349	-153.0735349	3
		952.3809524	-7.987220447	28.68693506	9857.006957		0.01	0.02		961.9047619	-8.146964856	29.26067376	9.523809524	10154.68857	297.6816101	297.6816101	3
		9000	-21.56549521	4.911302514	-74943.86712		0.01	0.02		9090	-21.99680511	5.009528565	90	-77207.17191	-2263.304787	-2263.304787	3
		750	-11.98083067	61.50474387	18571.46745		0.01	0.02		757.5	-12.22044728	62.73483875	7.5	19132.32577	560.858317	560.858317	3
		8080	-16.1341853	7.862072621	-33419.33524		0.01	0.02		8160.8	-16.45686901	8.019314073	80.8	-34428.59916	-1009.263924	-1009.263924	3
		595.2380952	-9.984025559	126.61251	34710.85847		0.01	0.02		601.1904762	-10.18370607	129.1447602	5.952380952	35759.12639	1048.267926	1048.267926	3
		3600	-7.188498403	21.80532287	26310.28405		0.01	0.02		3636	-7.332268371	22.24142933	36	27104.85463	794.5705783	794.5705783	3
		564.7058824	-19.16932907	144.0627284	35264.01864		0.01	0.02		570.3529412	-19.55271565	146.943983	5.647058824	36328.99201	1064.973363	1064.973363	3
		2266.666667	-13.57827476	37.38297454	26978.65975		0.01	0.02		2289.333333	-13.84984026	38.13063403	22.66666667	27793.41527	814.7555245	814.7555245	3
		16666.66667	-19.96805112	6.266448396	-114180.0227		0.01	0.02		16833.33333	-20.36741214	6.391777364	166.6666667	-117628.2594	-3448.236685	-3448.236685	3
		4000	-12.77955272	28.21046432	30861.82321		0.01	0.02		4040	-13.03514377	28.77467361	40	31793.85027	932.0270609	932.0270609	3
		750	-11.98083067	158.1668169	54819.74483		0.01	0.02		757.5	-12.22044728	161.3301532	7.5	56475.30113	1655.556294	1655.556294	3
		857.1428571	-11.98083067	168.195009	66948.93356		0.01	0.02		865.7142857	-12.22044728	171.5589092	8.571428571	68970.79135	2021.857794	2021.857794	3
		950	-7.587859425	153.7216121	69413.53251		0.01	0.02		959.5	-7.739616613	156.7960443	9.5	71509.8212	2096.288682	2096.288682	3
		500	-7.987220447	232.0675215	56020.07526		0.01	0.02		505	-8.146964856	236.7088719	5	57711.88153	1691.806273	1691.806273	3
		3750	-11.98083067	122.1906608	206643.4314		0.01	0.02		3787.5	-12.22044728	124.634474	37.5	212884.063	6240.631629	6240.631629	3
																	
13a	3-18	4.32850167	0	1	2.164250835		0.02	0.05		4.415071704	0	1.05	0.086570033	2.317912644	0.153661809	0.153661809	1
	Hergebruik						0.02	0.05		0	0	0	0	0	0	0	1
		512.0617476	8.915680473	22.27071006	7984.678819		0.02	0.05		522.3029825	9.361464497	23.38424556	10.24123495	8551.591015	566.9121961	566.9121961	1
		105.1825906	20	55	3944.347147		0.02	0.05		107.2862424	21	57.75	2.103651812	4224.395794	280.0486474	280.0486474	1
		399.5207042	20	30	9988.017604		0.02	0.05		407.5111183	21	31.5	7.990414083	10697.16685	709.1492499	709.1492499	1
		2739.508707	35	60	130126.6636		0.02	0.05		2794.298881	36.75	63	54.79017414	139365.6567	9238.993115	9238.993115	1
		525.4801028	14.35415237	14.75188744	7647.322395		0.02	0.05		535.9897048	15.07185999	15.48948181	10.50960206	8190.282285	542.95989	542.95989	1
		2052.142642	64.96625185	133.196583	203329.2017		0.02	0.05		2093.185495	68.21456444	139.8564121	41.04285284	217765.575	14436.37332	14436.37332	1
		682.1718632	70	100	57984.60838		0.02	0.05		695.8153005	73.5	105	13.64343726	62101.51557	4116.907195	4116.907195	1
		4.32850167	1	2	6.492752505		0.02	0.05		4.415071704	1.05	2.1	0.086570033	6.953737933	0.460985428	0.460985428	1
		639.3196967	15	25	12786.39393		0.02	0.05		652.1060906	15.75	26.25	12.78639393	13694.2279	907.8339693	907.8339693	1
		106.0482909	40	80	6362.897455		0.02	0.05		108.1692567	42	84	2.120965818	6814.663175	451.7657193	451.7657193	1
		52.80772038	12	160	4541.463952		0.02	0.05		53.86387479	12.6	168	1.056154408	4863.907893	322.4439406	322.4439406	1
		1025.422046	18.21021528	199.7720557	111761.9131		0.02	0.05		1045.930487	19.12072604	209.7606585	20.50844091	119697.009	7935.095832	7935.095832	1
		733.2481829	84.62092131	328.6372361	151510.3965		0.02	0.05		747.9131466	88.85196737	345.0690979	14.66496366	162267.6346	10757.23815	10757.23815	1
		77.4801799	17.29050279	245.8100559	10192.53931		0.02	0.05		79.0297835	18.15502793	258.1005587	1.549603598	10916.2096	723.6702909	723.6702909	1
		3209.151138	36.3115727	627.8560831	1065707.194		0.02	0.05		3273.334161	38.12715134	659.2488872	64.18302277	1141372.405	75665.2108	75665.2108	1
																	
13a	3-18	88.88888889	0	1	44.44444444		0.02	0.05		90.66666667	0	1.05	1.777777778	47.6	3.155555556	3.155555556	1
	Hergebruik componenten						0.02	0.05		0	0	0	0	0	0	0	1
		238.0952381	8	31	4642.857143		0.02	0.05		242.8571429	8.4	32.55	4.761904762	4972.5	329.6428571	329.6428571	1
		2250	10	71	91125		0.02	0.05		2295	10.5	74.55	45	97594.875	6469.875	6469.875	1
		375	5	77	15375		0.02	0.05		382.5	5.25	80.85	7.5	16466.625	1091.625	1091.625	1
		80.8	20	87	4322.8		0.02	0.05		82.416	21	91.35	1.616	4629.7188	306.9188	306.9188	1
		29.76190476	2	44	684.5238095		0.02	0.05		30.35714286	2.1	46.2	0.595238095	733.125	48.60119048	48.60119048	1
		180	25	148	15570		0.02	0.05		183.6	26.25	155.4	3.6	16675.47	1105.47	1105.47	1
		5.647058824	20	121	398.1176471		0.02	0.05		5.76	21	127.05	0.112941176	426.384	28.26635294	28.26635294	1
		340	5	51	9520		0.02	0.05		346.8	5.25	53.55	6.8	10195.92	675.92	675.92	1
		1666.666667	8	46	45000		0.02	0.05		1700	8.4	48.3	33.33333333	48195	3195	3195	1
		200	24	84	10800		0.02	0.05		204	25.2	88.2	4	11566.8	766.8	766.8	1
		37.5	3	221	4200		0.02	0.05		38.25	3.15	232.05	0.75	4498.2	298.2	298.2	1
		300	0	50	7500		0.02	0.05		306	0	52.5	6	8032.5	532.5	532.5	1
		142.5	15	388	28713.75		0.02	0.05		145.35	15.75	407.4	2.85	30752.42625	2038.67625	2038.67625	1
		75	4	519	19612.5		0.02	0.05		76.5	4.2	544.95	1.5	21004.9875	1392.4875	1392.4875	1
		375	31	708	138562.5		0.02	0.05		382.5	32.55	743.4	7.5	148400.4375	9837.9375	9837.9375	1
																	
13a	3-18	0	2.428646152	3.642969228	0		0.02	0.05		0	2.55007846	3.82511769	0	0	0	0	1
	Reparatie						0.02	0.05		0	0	0	0	0	0	0	1
		152.7054419	24.14059351	31.68452898	4262.4		0.02	0.05		155.7595508	25.34762318	33.26875542	3.054108839	4565.0304	302.6304	302.6304	1
		1444.065249	42.71794508	54.92307225	70500		0.02	0.05		1472.946554	44.85384233	57.66922586	28.88130498	75505.5	5005.5	5005.5	1
		0	25.4743427	38.21151405	0		0.02	0.05		0	26.74805984	40.12208976	0	0	0	0	1
		330.1999687	38.58994915	56.13083513	15638.4		0.02	0.05		336.803968	40.51944661	58.93737688	6.603999373	16748.7264	1110.3264	1110.3264	1
		14.60841618	45.7818282	66.59175011	820.8		0.02	0.05		14.90058451	48.07091961	69.92133761	0.292168324	879.0768	58.2768	58.2768	1
		456.7379081	69.36144218	91.03689286	36630		0.02	0.05		465.8726662	72.82951429	95.5887375	9.134758161	39230.73	2600.73	2600.73	1
		38.72952687	56.15870308	78.62218432	2610		0.02	0.05		39.50411741	58.96663824	82.55329353	0.774590537	2795.31	185.31	185.31	1
		377.9933046	74.87116744	98.26840726	32722.8		0.02	0.05		385.5531707	78.61472581	103.1818276	7.559866092	35046.1188	2323.3188	2323.3188	1
		2791.576434	100.9349042	129.7734483	322020		0.02	0.05		2847.407962	105.9816494	136.2621207	55.83152868	344883.42	22863.42	22863.42	1
		363.81994	87.2431566	118.4014268	37408.8		0.02	0.05		371.0963388	91.60531443	124.3214982	7.2763988	40064.8248	2656.0248	2656.0248	1
		46.0996041	81.88790498	114.643067	4530		0.02	0.05		47.02159618	85.98230023	120.3752203	0.921992082	4851.63	321.63	321.63	1
		177.4772692	139.3277016	179.1356163	28260		0.02	0.05		181.0268146	146.2940867	188.0923971	3.549545384	30266.46	2006.46	2006.46	1
		143.1412064	129.0362186	169.3600369	21356.4		0.02	0.05		146.0040305	135.4880295	177.8280388	2.862824128	22872.7044	1516.3044	1516.3044	1
		13.85783826	176.2179609	256.317034	2997		0.02	0.05		14.13499502	185.0288589	269.1328857	0.277156765	3209.787	212.787	212.787	1
		423.3984381	379.5715466	506.0953955	187495		0.02	0.05		431.8664069	398.5501239	531.4001653	8.467968763	200807.145	13312.145	13312.145	1
																	
13b	3-18	52539.5599	6.234938267	12.14323076	482790.4563		-2.70254E-05	0		52538.14	6.234938267	12.14323076	-1.419903367	482777.4087	-13.04761204	0	1
	Nieuwwaarde							0		0	0	0	0	0	0	0	1
		1272.54535	40.67107964	75.4393547	73877.89663		-0.013254359	0		1255.678577	40.67107964	75.4393547	-16.86677236	72898.6925	-979.2041325	0	1
		9627.10166	64.5701586	122.0512717	898311.7405		-0.006724242	0		9562.366703	64.5701586	122.0512717	-64.73495679	892271.2754	-6040.465112	0	1
		808.6567823	72.01582727	127.3717135	80618.04358		-0.016837074	0		795.0413682	72.01582727	127.3717135	-13.61541408	79260.67161	-1357.371965	0	1
		16509.99843	92.59572405	175.4088598	2212377.63		-0.003792016	0		16447.39226	92.59572405	175.4088598	-62.60617352	2203988.259	-8389.370739	0	1
		730.4208092	125.9297118	208.0992191	121990.841		-0.015399615	0		719.1726103	125.9297118	208.0992191	-11.24819895	120112.2291	-1878.611935	0	1
		3806.149234	140.5002666	216.7545068	679882.491		-0.013892679	0		3753.271623	140.5002666	216.7545068	-52.877611	670437.1016	-9445.389468	0	1
		774.5905374	125.9507407	224.6348123	135780.126		-0.018723097	0		760.0878037	125.9507407	224.6348123	-14.50273368	133237.9015	-2542.224455	0	1
		3149.944205	132.310867	233.9723982	576885.9244		-0.004046559	0		3137.197769	132.310867	233.9723982	-12.74643613	574551.5213	-2334.403122	0	1
		18610.50956	163.2203669	288.3854407	4202307.1		-0.005030379	0		18516.89164	163.2203669	288.3854407	-93.61792261	4181167.901	-21139.19877	0	1
		4547.74925	188.6321936	311.5827022	1137425.959		-0.002726044	0		4535.351885	188.6321936	311.5827022	-12.39736462	1134325.285	-3100.673225	0	1
		921.9920819	210.6913221	327.5516199	248127.8654		-0.002755606	0		919.4514354	210.6913221	327.5516199	-2.540646489	247444.1229	-683.7425206	0	1
		1183.181795	252.4925841	398.0791474	384872.3144		-0.024136601	0		1154.623808	252.4925841	398.0791474	-28.5579863	375582.8051	-9289.509296	0	1
		1192.843387	217.4564989	403.2381831	370195.7733		-0.01648606	0		1173.178099	217.4564989	403.2381831	-19.66528779	364092.7035	-6103.069775	0	1
		692.8919129	474.3571336	800.9907313	441839.1108		-0.004260059	0		689.9401525	474.3571336	800.9907313	-2.951760363	439956.8502	-1882.260638	0	1
		4233.984381	777.3110416	1265.238489	4324061.405		-0.018487548	0		4155.70839	777.3110416	1265.238489	-78.27599153	4244120.11	-79941.29487	0	1
																	
14	1-18	44444.44444	-1.597444089	0.098949511	-33299.87952		0.01	0.01		44888.88889	-1.61341853	0.099939006	444.4444444	-33969.2071	-669.3275784	-669.3275784	1
	Recycling	2020	-16.1341853	11.11570996	-5068.660095		0.01	0.01		2040.2	-16.29552716	11.22686706	20.2	-5170.540163	-101.8800679	-101.8800679	1
		952.3809524	-7.987220447	28.68693506	9857.006957		0.01	0.01		961.9047619	-8.067092652	28.97380441	9.523809524	10055.1328	198.1258398	198.1258398	1
		9000	-21.56549521	4.911302514	-74943.86712		0.01	0.01		9090	-21.78115016	4.96041554	90	-76450.23885	-1506.371729	-1506.371729	1
		750	-11.98083067	61.50474387	18571.46745		0.01	0.01		757.5	-12.10063898	62.11979131	7.5	18944.75394	373.2864957	373.2864957	1
		8080	-16.1341853	7.862072621	-33419.33524		0.01	0.01		8160.8	-16.29552716	7.940693347	80.8	-34091.06388	-671.7286383	-671.7286383	1
		595.2380952	-9.984025559	126.61251	34710.85847		0.01	0.01		601.1904762	-10.08386581	127.8786351	5.952380952	35408.54672	697.6882552	697.6882552	1
		3600	-7.188498403	21.80532287	26310.28405		0.01	0.01		3636	-7.260383387	22.0233761	36	26839.12076	528.8367094	528.8367094	1
		564.7058824	-19.16932907	144.0627284	35264.01864		0.01	0.01		570.3529412	-19.36102236	145.5033557	5.647058824	35972.82542	708.8067747	708.8067747	1
		2266.666667	-13.57827476	37.38297454	26978.65975		0.01	0.01		2289.333333	-13.71405751	37.75680429	22.66666667	27520.93081	542.271061	542.271061	1
		16666.66667	-19.96805112	6.266448396	-114180.0227		0.01	0.01		16833.33333	-20.16773163	6.32911288	166.6666667	-116475.0411	-2295.018456	-2295.018456	1
		4000	-12.77955272	28.21046432	30861.82321		0.01	0.01		4040	-12.90734824	28.49256896	40	31482.14585	620.3226465	620.3226465	1
		750	-11.98083067	158.1668169	54819.74483		0.01	0.01		757.5	-12.10063898	159.7484851	7.5	55921.6217	1101.876871	1101.876871	1
		857.1428571	-11.98083067	168.195009	66948.93356		0.01	0.01		865.7142857	-12.10063898	169.8769591	8.571428571	68294.60712	1345.673565	1345.673565	1
		950	-7.587859425	153.7216121	69413.53251		0.01	0.01		959.5	-7.663738019	155.2588282	9.5	70808.74452	1395.212004	1395.212004	1
		500	-7.987220447	232.0675215	56020.07526		0.01	0.01		505	-8.067092652	234.3881967	5	57146.07877	1126.003513	1126.003513	1
		3750	-11.98083067	122.1906608	206643.4314		0.01	0.01		3787.5	-12.10063898	123.4125674	37.5	210796.9644	4153.532971	4153.532971	1
																	
15a	1-18	4.32850167	0	1	2.164250835		0.12	0		4.847921871	0	1	0.5194202	2.423960935	0.2597101	0.2597101	4
	Hergebruik	4.32850167	0	1	2.164250835		0.12	0		4.847921871	0	1	0.5194202	2.423960935	0.2597101	0.2597101	4
		512.0617476	8.915680473	22.27071006	7984.678819		0.12	0		573.5091573	8.915680473	22.27071006	61.44740971	8942.840277	958.1614582	958.1614582	4
		105.1825906	20	55	3944.347147		0.12	0		117.8045015	20	55	12.62191087	4417.668805	473.3216576	473.3216576	4
		399.5207042	20	30	9988.017604		0.12	0		447.4631887	20	30	47.9424845	11186.57972	1198.562113	1198.562113	4
		2739.508707	35	60	130126.6636		0.12	0		3068.249752	35	60	328.7410449	145741.8632	15615.19963	15615.19963	4
		525.4801028	14.35415237	14.75188744	7647.322395		0.12	0		588.5377151	14.35415237	14.75188744	63.05761233	8565.001082	917.6786874	917.6786874	4
		2052.142642	64.96625185	133.196583	203329.2017		0.12	0		2298.399759	64.96625185	133.196583	246.257117	227728.7059	24399.50421	24399.50421	4
		682.1718632	70	100	57984.60838		0.12	0		764.0324868	70	100	81.86062359	64942.76138	6958.153005	6958.153005	4
		4.32850167	1	2	6.492752505		0.12	0		4.847921871	1	2	0.5194202	7.271882806	0.779130301	0.779130301	4
		639.3196967	15	25	12786.39393		0.12	0		716.0380603	15	25	76.7183636	14320.76121	1534.367272	1534.367272	4
		106.0482909	40	80	6362.897455		0.12	0		118.7740858	40	80	12.72579491	7126.44515	763.5476946	763.5476946	4
		52.80772038	12	160	4541.463952		0.12	0		59.14464682	12	160	6.336926445	5086.439627	544.9756743	544.9756743	4
		1025.422046	18.21021528	199.7720557	111761.9131		0.12	0		1148.472691	18.21021528	199.7720557	123.0506455	125173.3427	13411.42958	13411.42958	4
		733.2481829	84.62092131	328.6372361	151510.3965		0.12	0		821.2379649	84.62092131	328.6372361	87.98978195	169691.6441	18181.24758	18181.24758	4
		77.4801799	17.29050279	245.8100559	10192.53931		0.12	0		86.77780149	17.29050279	245.8100559	9.297621588	11415.64403	1223.104717	1223.104717	4
		3209.151138	36.3115727	627.8560831	1065707.194		0.12	0		3594.249275	36.3115727	627.8560831	385.0981366	1193592.058	127884.8633	127884.8633	4
																	
15a	1-18	88.88888889	0	1	44.44444444		0.12	0		99.55555556	0	1	10.66666667	49.77777778	5.333333333	5.333333333	4
	Hergebruik componenten	2.02	0	1	1.01		0.12	0		2.2624	0	1	0.2424	1.1312	0.1212	0.1212	4
		238.0952381	8	31	4642.857143		0.12	0		266.6666667	8	31	28.57142857	5200	557.1428571	557.1428571	4
		2250	10	71	91125		0.12	0		2520	10	71	270	102060	10935	10935	4
		375	5	77	15375		0.12	0		420	5	77	45	17220	1845	1845	4
		80.8	20	87	4322.8		0.12	0		90.496	20	87	9.696	4841.536	518.736	518.736	4
		29.76190476	2	44	684.5238095		0.12	0		33.33333333	2	44	3.571428571	766.6666667	82.14285714	82.14285714	4
		180	25	148	15570		0.12	0		201.6	25	148	21.6	17438.4	1868.4	1868.4	4
		5.647058824	20	121	398.1176471		0.12	0		6.324705882	20	121	0.677647059	445.8917647	47.77411765	47.77411765	4
		340	5	51	9520		0.12	0		380.8	5	51	40.8	10662.4	1142.4	1142.4	4
		1666.666667	8	46	45000		0.12	0		1866.666667	8	46	200	50400	5400	5400	4
		200	24	84	10800		0.12	0		224	24	84	24	12096	1296	1296	4
		37.5	3	221	4200		0.12	0		42	3	221	4.5	4704	504	504	4
		300	0	50	7500		0.12	0		336	0	50	36	8400	900	900	4
		142.5	15	388	28713.75		0.12	0		159.6	15	388	17.1	32159.4	3445.65	3445.65	4
		75	4	519	19612.5		0.12	0		84	4	519	9	21966	2353.5	2353.5	4
		375	31	708	138562.5		0.12	0		420	31	708	45	155190	16627.5	16627.5	4
																	
15a	1-18	0	2.428646152	3.642969228	0		0.12	0		0	2.428646152	3.642969228	0	0	0	0	4
	Reparatie	0	12.4	18.6	0		0.12	0		0	12.4	18.6	0	0	0	0	4
		152.7054419	24.14059351	31.68452898	4262.4		0.12	0		171.030095	24.14059351	31.68452898	18.32465303	4773.888	511.488	511.488	4
		1444.065249	42.71794508	54.92307225	70500		0.12	0		1617.353079	42.71794508	54.92307225	173.2878299	78960	8460	8460	4
		0	25.4743427	38.21151405	0		0.12	0		0	25.4743427	38.21151405	0	0	0	0	4
		330.1999687	38.58994915	56.13083513	15638.4		0.12	0		369.8239649	38.58994915	56.13083513	39.62399624	17515.008	1876.608	1876.608	4
		14.60841618	45.7818282	66.59175011	820.8		0.12	0		16.36142613	45.7818282	66.59175011	1.753009942	919.296	98.496	98.496	4
		456.7379081	69.36144218	91.03689286	36630		0.12	0		511.546457	69.36144218	91.03689286	54.80854897	41025.6	4395.6	4395.6	4
		38.72952687	56.15870308	78.62218432	2610		0.12	0		43.37707009	56.15870308	78.62218432	4.647543224	2923.2	313.2	313.2	4
		377.9933046	74.87116744	98.26840726	32722.8		0.12	0		423.3525012	74.87116744	98.26840726	45.35919655	36649.536	3926.736	3926.736	4
		2791.576434	100.9349042	129.7734483	322020		0.12	0		3126.565606	100.9349042	129.7734483	334.9891721	360662.4	38642.4	38642.4	4
		363.81994	87.2431566	118.4014268	37408.8		0.12	0		407.4783328	87.2431566	118.4014268	43.6583928	41897.856	4489.056	4489.056	4
		46.0996041	81.88790498	114.643067	4530		0.12	0		51.63155659	81.88790498	114.643067	5.531952491	5073.6	543.6	543.6	4
		177.4772692	139.3277016	179.1356163	28260		0.12	0		198.7745415	139.3277016	179.1356163	21.2972723	31651.2	3391.2	3391.2	4
		143.1412064	129.0362186	169.3600369	21356.4		0.12	0		160.3181512	129.0362186	169.3600369	17.17694477	23919.168	2562.768	2562.768	4
		13.85783826	176.2179609	256.317034	2997		0.12	0		15.52077885	176.2179609	256.317034	1.662940591	3356.64	359.64	359.64	4
		423.3984381	379.5715466	506.0953955	187495		0.12	0		474.2062507	379.5715466	506.0953955	50.80781258	209994.4	22499.4	22499.4	4
																	
15a	1-18	44444.44444	-1.597444089	0.098949511	-33299.87952		0.01	0		44888.88889	-1.597444089	0.098949511	444.4444444	-33632.87832	-332.9987952	-332.9987952	4
	Recycling	2020	-16.1341853	11.11570996	-5068.660095		0.01	0		2040.2	-16.1341853	11.11570996	20.2	-5119.346696	-50.68660095	-50.68660095	4
		952.3809524	-7.987220447	28.68693506	9857.006957		0.01	0		961.9047619	-7.987220447	28.68693506	9.523809524	9955.577026	98.57006957	98.57006957	4
		9000	-21.56549521	4.911302514	-74943.86712		0.01	0		9090	-21.56549521	4.911302514	90	-75693.30579	-749.4386712	-749.4386712	4
		750	-11.98083067	61.50474387	18571.46745		0.01	0		757.5	-11.98083067	61.50474387	7.5	18757.18212	185.7146745	185.7146745	4
		8080	-16.1341853	7.862072621	-33419.33524		0.01	0		8160.8	-16.1341853	7.862072621	80.8	-33753.52859	-334.1933524	-334.1933524	4
		595.2380952	-9.984025559	126.61251	34710.85847		0.01	0		601.1904762	-9.984025559	126.61251	5.952380952	35057.96705	347.1085847	347.1085847	4
		3600	-7.188498403	21.80532287	26310.28405		0.01	0		3636	-7.188498403	21.80532287	36	26573.38689	263.1028405	263.1028405	4
		564.7058824	-19.16932907	144.0627284	35264.01864		0.01	0		570.3529412	-19.16932907	144.0627284	5.647058824	35616.65883	352.6401864	352.6401864	4
		2266.666667	-13.57827476	37.38297454	26978.65975		0.01	0		2289.333333	-13.57827476	37.38297454	22.66666667	27248.44635	269.7865975	269.7865975	4
		16666.66667	-19.96805112	6.266448396	-114180.0227		0.01	0		16833.33333	-19.96805112	6.266448396	166.6666667	-115321.8229	-1141.800227	-1141.800227	4
		4000	-12.77955272	28.21046432	30861.82321		0.01	0		4040	-12.77955272	28.21046432	40	31170.44144	308.6182321	308.6182321	4
		750	-11.98083067	158.1668169	54819.74483		0.01	0		757.5	-11.98083067	158.1668169	7.5	55367.94228	548.1974483	548.1974483	4
		857.1428571	-11.98083067	168.195009	66948.93356		0.01	0		865.7142857	-11.98083067	168.195009	8.571428571	67618.4229	669.4893356	669.4893356	4
		950	-7.587859425	153.7216121	69413.53251		0.01	0		959.5	-7.587859425	153.7216121	9.5	70107.66784	694.1353251	694.1353251	4
		500	-7.987220447	232.0675215	56020.07526		0.01	0		505	-7.987220447	232.0675215	5	56580.27601	560.2007526	560.2007526	4
		3750	-11.98083067	122.1906608	206643.4314		0.01	0		3787.5	-11.98083067	122.1906608	37.5	208709.8657	2066.434314	2066.434314	4
																	
15b	1-18	52539.5599	6.234938267	12.14323076	482790.4563		-0.000162152	0.02		52531.04048	6.359637032	12.38609538	-8.5194202	492366.414	9575.95774	0	4
	Nieuwwaarde	2226	40	62	113526		-0.000315014	0.02		2225.29878	40.8	63.24	-0.7012202	115760.0425	2234.042525	0	4
		1272.54535	40.67107964	75.4393547	73877.89663		-0.079526151	0.02		1171.344715	41.48450124	76.9481418	-101.2006342	69362.72527	-4515.171358	0	4
		9627.10166	64.5701586	122.0512717	898311.7405		-0.040345449	0.02		9238.691919	65.86156177	124.4922971	-388.4097408	879310.3289	-19001.41168	0	4
		808.6567823	72.01582727	127.3717135	80618.04358		-0.101022444	0.02		726.9642978	73.45614382	129.9191478	-81.6924845	73923.28802	-6694.755557	0	4
		16509.99843	92.59572405	175.4088598	2212377.63		-0.022752094	0.02		16134.36139	94.44763853	178.917037	-375.6370411	2205282.233	-7095.396333	0	4
		730.4208092	125.9297118	208.0992191	121990.841		-0.092397688	0.02		662.9316155	128.4483061	212.2612035	-67.4891937	112933.5528	-9057.288222	0	4
		3806.149234	140.5002666	216.7545068	679882.491		-0.083356076	0.02		3488.883568	143.3102719	221.0895969	-317.265666	635674.3573	-44208.13372	0	4
		774.5905374	125.9507407	224.6348123	135780.126		-0.112338581	0.02		687.5741353	128.4697555	229.1275086	-87.01640211	122937.3148	-12842.81114	0	4
		3149.944205	132.310867	233.9723982	576885.9244		-0.024279356	0.02		3073.465588	134.9570844	238.6518462	-76.47861675	574137.0958	-2748.82862	0	4
		18610.50956	163.2203669	288.3854407	4202307.1		-0.030182276	0.02		18048.80202	166.4847743	294.1531495	-561.7075357	4156981.345	-45325.7545	0	4
		4547.74925	188.6321936	311.5827022	1137425.959		-0.016356264	0.02		4473.365062	192.4048375	317.8143562	-74.38418771	1141198.358	3772.399032	0	4
		921.9920819	210.6913221	327.5516199	248127.8654		-0.016533633	0.02		906.748203	214.9051486	334.1026523	-15.24387894	248905.9185	778.0530811	0	4
		1183.181795	252.4925841	398.0791474	384872.3144		-0.144819603	0.02		1011.833877	257.5424358	406.0407303	-171.3479178	335717.9638	-49154.3506	0	4
		1192.843387	217.4564989	403.2381831	370195.7733		-0.098916361	0.02		1074.85166	221.8056289	411.3029468	-117.9917267	340248.9018	-29946.87156	0	4
		692.8919129	474.3571336	800.9907313	441839.1108		-0.025560353	0.02		675.1813507	483.8442762	817.0105459	-17.71056218	439156.458	-2682.65289	0	4
		4233.984381	777.3110416	1265.238489	4324061.405		-0.110925291	0.02		3764.328432	792.8572624	1290.543258	-469.6559492	3921301.908	-402759.4965	0	4
																	
16a	4-18	88.88888889	0	1	44.44444444		0.03	0		91.55555556	0	1	2.666666667	45.77777778	1.333333333	1.333333333	2
	Hergebruik componenten						0.03	0		0	0	0	0	0	0	0	2
		238.0952381	8	31	4642.857143		0.03	0		245.2380952	8	31	7.142857143	4782.142857	139.2857143	139.2857143	2
		2250	10	71	91125		0.03	0		2317.5	10	71	67.5	93858.75	2733.75	2733.75	2
		375	5	77	15375		0.03	0		386.25	5	77	11.25	15836.25	461.25	461.25	2
							0.03	0		0	0	0	0	0	0	0	2
		29.76190476	2	44	684.5238095		0.03	0		30.6547619	2	44	0.892857143	705.0595238	20.53571429	20.53571429	2
		180	25	148	15570		0.03	0		185.4	25	148	5.4	16037.1	467.1	467.1	2
		5.647058824	20	121	398.1176471		0.03	0		5.816470588	20	121	0.169411765	410.0611765	11.94352941	11.94352941	2
		340	5	51	9520		0.03	0		350.2	5	51	10.2	9805.6	285.6	285.6	2
		1666.666667	8	46	45000		0.03	0		1716.666667	8	46	50	46350	1350	1350	2
		200	24	84	10800		0.03	0		206	24	84	6	11124	324	324	2
		37.5	3	221	4200		0.03	0		38.625	3	221	1.125	4326	126	126	2
		300	0	50	7500		0.03	0		309	0	50	9	7725	225	225	2
		142.5	15	388	28713.75		0.03	0		146.775	15	388	4.275	29575.1625	861.4125	861.4125	2
		75	4	519	19612.5		0.03	0		77.25	4	519	2.25	20200.875	588.375	588.375	2
		375	31	708	138562.5		0.03	0		386.25	31	708	11.25	142719.375	4156.875	4156.875	2
																	
16a	4-18	0	2.428646152	3.642969228	0		0.03	0		0	2.428646152	3.642969228	0	0	0	0	2
	Reparatie						0.03	0		0	0	0	0	0	0	0	2
		152.7054419	24.14059351	31.68452898	4262.4		0.03	0		157.2866052	24.14059351	31.68452898	4.581163258	4390.272	127.872	127.872	2
		1444.065249	42.71794508	54.92307225	70500		0.03	0		1487.387206	42.71794508	54.92307225	43.32195747	72615	2115	2115	2
		0	25.4743427	38.21151405	0		0.03	0		0	25.4743427	38.21151405	0	0	0	0	2
							0.03	0		0	0	0	0	0	0	0	2
		14.60841618	45.7818282	66.59175011	820.8		0.03	0		15.04666867	45.7818282	66.59175011	0.438252486	845.424	24.624	24.624	2
		456.7379081	69.36144218	91.03689286	36630		0.03	0		470.4400453	69.36144218	91.03689286	13.70213724	37728.9	1098.9	1098.9	2
		38.72952687	56.15870308	78.62218432	2610		0.03	0		39.89141267	56.15870308	78.62218432	1.161885806	2688.3	78.3	78.3	2
		377.9933046	74.87116744	98.26840726	32722.8		0.03	0		389.3331038	74.87116744	98.26840726	11.33979914	33704.484	981.684	981.684	2
		2791.576434	100.9349042	129.7734483	322020		0.03	0		2875.323727	100.9349042	129.7734483	83.74729301	331680.6	9660.6	9660.6	2
		363.81994	87.2431566	118.4014268	37408.8		0.03	0		374.7345382	87.2431566	118.4014268	10.9145982	38531.064	1122.264	1122.264	2
		46.0996041	81.88790498	114.643067	4530		0.03	0		47.48259222	81.88790498	114.643067	1.382988123	4665.9	135.9	135.9	2
		177.4772692	139.3277016	179.1356163	28260		0.03	0		182.8015873	139.3277016	179.1356163	5.324318076	29107.8	847.8	847.8	2
		143.1412064	129.0362186	169.3600369	21356.4		0.03	0		147.4354426	129.0362186	169.3600369	4.294236192	21997.092	640.692	640.692	2
		13.85783826	176.2179609	256.317034	2997		0.03	0		14.27357341	176.2179609	256.317034	0.415735148	3086.91	89.91	89.91	2
		423.3984381	379.5715466	506.0953955	187495		0.03	0		436.1003913	379.5715466	506.0953955	12.70195314	193119.85	5624.85	5624.85	2
																	
16b	4-18	52539.5599	6.234938267	12.14323076	482790.4563		-3.80666E-05	0		52537.5599	6.234938267	12.14323076	-2	482772.0781	-18.37816903	0	2
	Nieuwwaarde							0		0	0	0	0	0	0	0	2
		1272.54535	40.67107964	75.4393547	73877.89663		-0.007809785	0		1262.607043	40.67107964	75.4393547	-9.938306115	73300.92611	-576.9705199	0	2
		9627.10166	64.5701586	122.0512717	898311.7405		-0.009758592	0		9533.154703	64.5701586	122.0512717	-93.94695747	889545.4828	-8766.257786	0	2
		808.6567823	72.01582727	127.3717135	80618.04358		-0.010433969	0		800.2192823	72.01582727	127.3717135	-8.4375	79776.87739	-841.1661877	0	2
								0		0	0	0	0	0	0	0	2
		730.4208092	125.9297118	208.0992191	121990.841		-0.00151679	0		729.3129139	125.9297118	208.0992191	-1.107895343	121805.8065	-185.0345484	0	2
		3806.149234	140.5002666	216.7545068	679882.491		-0.004664068	0		3788.397097	140.5002666	216.7545068	-17.75213724	676711.4731	-3171.017884	0	2
		774.5905374	125.9507407	224.6348123	135780.126		-0.001664034	0		773.3015927	125.9507407	224.6348123	-1.28894463	135554.1833	-225.9426829	0	2
		3149.944205	132.310867	233.9723982	576885.9244		-0.006028614	0		3130.954406	132.310867	233.9723982	-18.98979914	573408.1016	-3477.822818	0	2
		18610.50956	163.2203669	288.3854407	4202307.1		-0.006514991	0		18489.26227	163.2203669	288.3854407	-121.247293	4174929.109	-27377.99084	0	2
		4547.74925	188.6321936	311.5827022	1137425.959		-0.0033895	0		4532.334652	188.6321936	311.5827022	-15.4145982	1133570.653	-3855.305816	0	2
		921.9920819	210.6913221	327.5516199	248127.8654		-0.002415138	0		919.7653438	210.6913221	327.5516199	-2.226738123	247528.6023	-599.2630393	0	2
		1183.181795	252.4925841	398.0791474	384872.3144		-0.010204956	0		1171.107477	252.4925841	398.0791474	-12.07431808	380944.7094	-3927.605008	0	2
		1192.843387	217.4564989	403.2381831	370195.7733		-0.006287905	0		1185.3429	217.4564989	403.2381831	-7.500486192	367868.0174	-2327.755946	0	2
		692.8919129	474.3571336	800.9907313	441839.1108		-0.003035445	0		690.7886778	474.3571336	800.9907313	-2.103235148	440497.9326	-1341.178227	0	2
		4233.984381	777.3110416	1265.238489	4324061.405		-0.004992804	0		4212.844928	777.3110416	1265.238489	-21.13945314	4302472.215	-21589.19005	0	2
																	
17	4-18	44444.44444	-1.597444089	0.098949511	-33299.87952		0.01	0.02		44888.88889	-1.629392971	0.100928501	444.4444444	-34305.53588	-1005.656362	-1005.656362	1
	Recycling						0.01	0.02		0	0	0	0	0	0	0	1
		952.3809524	-7.987220447	28.68693506	9857.006957		0.01	0.02		961.9047619	-8.146964856	29.26067376	9.523809524	10154.68857	297.6816101	297.6816101	1
		9000	-21.56549521	4.911302514	-74943.86712		0.01	0.02		9090	-21.99680511	5.009528565	90	-77207.17191	-2263.304787	-2263.304787	1
		750	-11.98083067	61.50474387	18571.46745		0.01	0.02		757.5	-12.22044728	62.73483875	7.5	19132.32577	560.858317	560.858317	1
							0.01	0.02		0	0	0	0	0	0	0	1
		595.2380952	-9.984025559	126.61251	34710.85847		0.01	0.02		601.1904762	-10.18370607	129.1447602	5.952380952	35759.12639	1048.267926	1048.267926	1
		3600	-7.188498403	21.80532287	26310.28405		0.01	0.02		3636	-7.332268371	22.24142933	36	27104.85463	794.5705783	794.5705783	1
		564.7058824	-19.16932907	144.0627284	35264.01864		0.01	0.02		570.3529412	-19.55271565	146.943983	5.647058824	36328.99201	1064.973363	1064.973363	1
		2266.666667	-13.57827476	37.38297454	26978.65975		0.01	0.02		2289.333333	-13.84984026	38.13063403	22.66666667	27793.41527	814.7555245	814.7555245	1
		16666.66667	-19.96805112	6.266448396	-114180.0227		0.01	0.02		16833.33333	-20.36741214	6.391777364	166.6666667	-117628.2594	-3448.236685	-3448.236685	1
		4000	-12.77955272	28.21046432	30861.82321		0.01	0.02		4040	-13.03514377	28.77467361	40	31793.85027	932.0270609	932.0270609	1
		750	-11.98083067	158.1668169	54819.74483		0.01	0.02		757.5	-12.22044728	161.3301532	7.5	56475.30113	1655.556294	1655.556294	1
		857.1428571	-11.98083067	168.195009	66948.93356		0.01	0.02		865.7142857	-12.22044728	171.5589092	8.571428571	68970.79135	2021.857794	2021.857794	1
		950	-7.587859425	153.7216121	69413.53251		0.01	0.02		959.5	-7.739616613	156.7960443	9.5	71509.8212	2096.288682	2096.288682	1
		500	-7.987220447	232.0675215	56020.07526		0.01	0.02		505	-8.146964856	236.7088719	5	57711.88153	1691.806273	1691.806273	1
		3750	-11.98083067	122.1906608	206643.4314		0.01	0.02		3787.5	-12.22044728	124.634474	37.5	212884.063	6240.631629	6240.631629	1
																	
18a	"5-11, 14-18"						0.05	0.01		0	0	0	0	0	0	0	1
	Hergebruik						0.05	0.01		0	0	0	0	0	0	0	1
		512.0617476	8.915680473	22.27071006	7984.678819		0.05	0.01		537.664835	9.004837278	22.49341716	25.60308738	8467.751887	483.0730685	483.0730685	1
		105.1825906	20	55	3944.347147		0.05	0.01		110.4417201	20.2	55.55	5.259129529	4182.980149	238.6330024	238.6330024	1
							0.05	0.01		0	0	0	0	0	0	0	1
							0.05	0.01		0	0	0	0	0	0	0	1
		525.4801028	14.35415237	14.75188744	7647.322395		0.05	0.01		551.7541079	14.49769389	14.89940631	26.27400514	8109.9854	462.6630049	462.6630049	1
		2052.142642	64.96625185	133.196583	203329.2017		0.05	0.01		2154.749774	65.61591436	134.5285488	102.6071321	215630.6184	12301.4167	12301.4167	1
							0.05	0.01		0	0	0	0	0	0	0	1
		4.32850167	1	2	6.492752505		0.05	0.01		4.544926754	1.01	2.02	0.216425084	6.885564032	0.392811527	0.392811527	1
		639.3196967	15	25	12786.39393		0.05	0.01		671.2856815	15.15	25.25	31.96598484	13559.97077	773.576833	773.576833	1
		106.0482909	40	80	6362.897455		0.05	0.01		111.3507055	40.4	80.8	5.302414546	6747.852751	384.955296	384.955296	1
		52.80772038	12	160	4541.463952		0.05	0.01		55.4481064	12.12	161.6	2.640386019	4816.222522	274.7585691	274.7585691	1
		1025.422046	18.21021528	199.7720557	111761.9131		0.05	0.01		1076.693148	18.39231743	201.7697763	51.27110228	118523.5089	6761.595744	6761.595744	1
		733.2481829	84.62092131	328.6372361	151510.3965		0.05	0.01		769.9105921	85.46713052	331.9236084	36.66240915	160676.7755	9166.378988	9166.378988	1
		77.4801799	17.29050279	245.8100559	10192.53931		0.05	0.01		81.35418889	17.46340782	248.2681564	3.874008995	10809.18794	616.6486281	616.6486281	1
		3209.151138	36.3115727	627.8560831	1065707.194		0.05	0.01		3369.608695	36.67468843	634.1346439	160.4575569	1130182.48	64475.28526	64475.28526	1
																	
18a	"5-11, 14-18"						0.05	0.01		0	0	0	0	0	0	0	1
	Hergebruik componenten						0.05	0.01		0	0	0	0	0	0	0	1
		238.0952381	8	31	4642.857143		0.05	0.01		250	8.08	31.31	11.9047619	4923.75	280.8928571	280.8928571	1
		2250	10	71	91125		0.05	0.01		2362.5	10.1	71.71	112.5	96638.0625	5513.0625	5513.0625	1
							0.05	0.01		0	0	0	0	0	0	0	1
							0.05	0.01		0	0	0	0	0	0	0	1
		29.76190476	2	44	684.5238095		0.05	0.01		31.25	2.02	44.44	1.488095238	725.9375	41.41369048	41.41369048	1
		180	25	148	15570		0.05	0.01		189	25.25	149.48	9	16511.985	941.985	941.985	1
							0.05	0.01		0	0	0	0	0	0	0	1
		340	5	51	9520		0.05	0.01		357	5.05	51.51	17	10095.96	575.96	575.96	1
		1666.666667	8	46	45000		0.05	0.01		1750	8.08	46.46	83.33333333	47722.5	2722.5	2722.5	1
		200	24	84	10800		0.05	0.01		210	24.24	84.84	10	11453.4	653.4	653.4	1
		37.5	3	221	4200		0.05	0.01		39.375	3.03	223.21	1.875	4454.1	254.1	254.1	1
		300	0	50	7500		0.05	0.01		315	0	50.5	15	7953.75	453.75	453.75	1
		142.5	15	388	28713.75		0.05	0.01		149.625	15.15	391.88	7.125	30450.93188	1737.181875	1737.181875	1
		75	4	519	19612.5		0.05	0.01		78.75	4.04	524.19	3.75	20799.05625	1186.55625	1186.55625	1
		375	31	708	138562.5		0.05	0.01		393.75	31.31	715.08	18.75	146945.5313	8383.03125	8383.03125	1
																	
18a	"5-11, 14-18"						0.05	0.01		0	0	0	0	0	0	0	1
	Reparatie						0.05	0.01		0	0	0	0	0	0	0	1
		152.7054419	24.14059351	31.68452898	4262.4		0.05	0.01		160.340714	24.38199944	32.00137427	7.635272097	4520.2752	257.8752	257.8752	1
		1444.065249	42.71794508	54.92307225	70500		0.05	0.01		1516.268511	43.14512453	55.47230297	72.20326245	74765.25	4265.25	4265.25	1
							0.05	0.01		0	0	0	0	0	0	0	1
							0.05	0.01		0	0	0	0	0	0	0	1
		14.60841618	45.7818282	66.59175011	820.8		0.05	0.01		15.33883699	46.23964648	67.25766761	0.730420809	870.4584	49.6584	49.6584	1
		456.7379081	69.36144218	91.03689286	36630		0.05	0.01		479.5748035	70.0550566	91.94726179	22.8368954	38846.115	2216.115	2216.115	1
							0.05	0.01		0	0	0	0	0	0	0	1
		377.9933046	74.87116744	98.26840726	32722.8		0.05	0.01		396.8929698	75.61987911	99.25109133	18.89966523	34702.5294	1979.7294	1979.7294	1
		2791.576434	100.9349042	129.7734483	322020		0.05	0.01		2931.155255	101.9442533	131.0711828	139.5788217	341502.21	19482.21	19482.21	1
		363.81994	87.2431566	118.4014268	37408.8		0.05	0.01		382.010937	88.11558817	119.5854411	18.190997	39672.0324	2263.2324	2263.2324	1
		46.0996041	81.88790498	114.643067	4530		0.05	0.01		48.4045843	82.70678403	115.7894976	2.304980205	4804.065	274.065	274.065	1
		177.4772692	139.3277016	179.1356163	28260		0.05	0.01		186.3511327	140.7209786	180.9269725	8.87386346	29969.73	1709.73	1709.73	1
		143.1412064	129.0362186	169.3600369	21356.4		0.05	0.01		150.2982667	130.3265808	171.0536373	7.15706032	22648.4622	1292.0622	1292.0622	1
		13.85783826	176.2179609	256.317034	2997		0.05	0.01		14.55073017	177.9801405	258.8802043	0.692891913	3178.3185	181.3185	181.3185	1
		423.3984381	379.5715466	506.0953955	187495		0.05	0.01		444.5683601	383.3672621	511.1563494	21.16992191	198838.4475	11343.4475	11343.4475	1
																	
18a	"5-11, 14-18"						0.01	0.01		0	0	0	0	0	0	0	1
	Recycling						0.01	0.01		0	0	0	0	0	0	0	1
		952.3809524	-7.987220447	28.68693506	9857.006957		0.01	0.01		961.9047619	-8.067092652	28.97380441	9.523809524	10055.1328	198.1258398	198.1258398	1
		9000	-21.56549521	4.911302514	-74943.86712		0.01	0.01		9090	-21.78115016	4.96041554	90	-76450.23885	-1506.371729	-1506.371729	1
							0.01	0.01		0	0	0	0	0	0	0	1
							0.01	0.01		0	0	0	0	0	0	0	1
		595.2380952	-9.984025559	126.61251	34710.85847		0.01	0.01		601.1904762	-10.08386581	127.8786351	5.952380952	35408.54672	697.6882552	697.6882552	1
		3600	-7.188498403	21.80532287	26310.28405		0.01	0.01		3636	-7.260383387	22.0233761	36	26839.12076	528.8367094	528.8367094	1
							0.01	0.01		0	0	0	0	0	0	0	1
		2266.666667	-13.57827476	37.38297454	26978.65975		0.01	0.01		2289.333333	-13.71405751	37.75680429	22.66666667	27520.93081	542.271061	542.271061	1
		16666.66667	-19.96805112	6.266448396	-114180.0227		0.01	0.01		16833.33333	-20.16773163	6.32911288	166.6666667	-116475.0411	-2295.018456	-2295.018456	1
		4000	-12.77955272	28.21046432	30861.82321		0.01	0.01		4040	-12.90734824	28.49256896	40	31482.14585	620.3226465	620.3226465	1
		750	-11.98083067	158.1668169	54819.74483		0.01	0.01		757.5	-12.10063898	159.7484851	7.5	55921.6217	1101.876871	1101.876871	1
		857.1428571	-11.98083067	168.195009	66948.93356		0.01	0.01		865.7142857	-12.10063898	169.8769591	8.571428571	68294.60712	1345.673565	1345.673565	1
		950	-7.587859425	153.7216121	69413.53251		0.01	0.01		959.5	-7.663738019	155.2588282	9.5	70808.74452	1395.212004	1395.212004	1
		500	-7.987220447	232.0675215	56020.07526		0.01	0.01		505	-8.067092652	234.3881967	5	57146.07877	1126.003513	1126.003513	1
		3750	-11.98083067	122.1906608	206643.4314		0.01	0.01		3787.5	-12.10063898	123.4125674	37.5	210796.9644	4153.532971	4153.532971	1
																	
18b	"5-11, 14-18"							0		0	0	0	0	0	0	0	1
	Nieuwwaarde							0		0	0	0	0	0	0	0	1
		1272.54535	40.67107964	75.4393547	73877.89663		-0.033135896	0		1230.378419	40.67107964	75.4393547	-42.16693091	71429.8863	-2448.010331	0	1
		9627.10166	64.5701586	122.0512717	898311.7405		-0.016810604	0		9465.264268	64.5701586	122.0512717	-161.837392	883210.5778	-15101.16278	0	1
								0		0	0	0	0	0	0	0	1
								0		0	0	0	0	0	0	0	1
		730.4208092	125.9297118	208.0992191	121990.841		-0.038499036	0		702.3003119	125.9297118	208.0992191	-28.12049738	117294.3112	-4696.529837	0	1
		3806.149234	140.5002666	216.7545068	679882.491		-0.034731698	0		3673.955206	140.5002666	216.7545068	-132.1940275	656269.0174	-23613.47367	0	1
								0		0	0	0	0	0	0	0	1
		3149.944205	132.310867	233.9723982	576885.9244		-0.010116398	0		3118.078115	132.310867	233.9723982	-31.86609031	571049.9166	-5836.007806	0	1
		18610.50956	163.2203669	288.3854407	4202307.1		-0.012575948	0		18376.46475	163.2203669	288.3854407	-234.0448065	4149459.103	-52847.99693	0	1
		4547.74925	188.6321936	311.5827022	1137425.959		-0.00681511	0		4516.755838	188.6321936	311.5827022	-30.99341155	1129674.276	-7751.683063	0	1
		921.9920819	210.6913221	327.5516199	248127.8654		-0.006889014	0		915.6404657	210.6913221	327.5516199	-6.351616224	246418.5091	-1709.356302	0	1
		1183.181795	252.4925841	398.0791474	384872.3144		-0.060341501	0		1111.786829	252.4925841	398.0791474	-71.39496574	361648.5411	-23223.77324	0	1
		1192.843387	217.4564989	403.2381831	370195.7733		-0.04121515	0		1143.680167	217.4564989	403.2381831	-49.16321947	354938.0989	-15257.67444	0	1
		692.8919129	474.3571336	800.9907313	441839.1108		-0.010650147	0		685.512512	474.3571336	800.9907313	-7.379400908	437133.4592	-4705.651596	0	1
		4233.984381	777.3110416	1265.238489	4324061.405		-0.046218871	0		4038.294403	777.3110416	1265.238489	-195.6899788	4124208.168	-199853.2372	0	1
																	
19a	"5, 9-11, 18"						0.03	0		0	0	0	0	0	0	0	3
	Hergebruik						0.03	0		0	0	0	0	0	0	0	3
							0.03	0		0	0	0	0	0	0	0	3
							0.03	0		0	0	0	0	0	0	0	3
							0.03	0		0	0	0	0	0	0	0	3
							0.03	0		0	0	0	0	0	0	0	3
							0.03	0		0	0	0	0	0	0	0	3
							0.03	0		0	0	0	0	0	0	0	3
							0.03	0		0	0	0	0	0	0	0	3
		4.32850167	1	2	6.492752505		0.03	0		4.45835672	1	2	0.12985505	6.687535081	0.194782575	0.194782575	3
		639.3196967	15	25	12786.39393		0.03	0		658.4992876	15	25	19.1795909	13169.98575	383.591818	383.591818	3
							0.03	0		0	0	0	0	0	0	0	3
							0.03	0		0	0	0	0	0	0	0	3
							0.03	0		0	0	0	0	0	0	0	3
		733.2481829	84.62092131	328.6372361	151510.3965		0.03	0		755.2456284	84.62092131	328.6372361	21.99744549	156055.7084	4545.311895	4545.311895	3
		77.4801799	17.29050279	245.8100559	10192.53931		0.03	0		79.8045853	17.29050279	245.8100559	2.324405397	10498.31549	305.7761792	305.7761792	3
		3209.151138	36.3115727	627.8560831	1065707.194		0.03	0		3305.425673	36.3115727	627.8560831	96.27453415	1097678.41	31971.21583	31971.21583	3
																	
19a	"5, 9-11, 18"						0.03	0		0	0	0	0	0	0	0	3
	Hergebruik componenten						0.03	0		0	0	0	0	0	0	0	3
							0.03	0		0	0	0	0	0	0	0	3
							0.03	0		0	0	0	0	0	0	0	3
							0.03	0		0	0	0	0	0	0	0	3
							0.03	0		0	0	0	0	0	0	0	3
							0.03	0		0	0	0	0	0	0	0	3
							0.03	0		0	0	0	0	0	0	0	3
							0.03	0		0	0	0	0	0	0	0	3
		340	5	51	9520		0.03	0		350.2	5	51	10.2	9805.6	285.6	285.6	3
		1666.666667	8	46	45000		0.03	0		1716.666667	8	46	50	46350	1350	1350	3
							0.03	0		0	0	0	0	0	0	0	3
							0.03	0		0	0	0	0	0	0	0	3
							0.03	0		0	0	0	0	0	0	0	3
		142.5	15	388	28713.75		0.03	0		146.775	15	388	4.275	29575.1625	861.4125	861.4125	3
		75	4	519	19612.5		0.03	0		77.25	4	519	2.25	20200.875	588.375	588.375	3
		375	31	708	138562.5		0.03	0		386.25	31	708	11.25	142719.375	4156.875	4156.875	3
																	
19a	"5, 9-11, 18"						0.03	0		0	0	0	0	0	0	0	3
	Reparatie						0.03	0		0	0	0	0	0	0	0	3
							0.03	0		0	0	0	0	0	0	0	3
							0.03	0		0	0	0	0	0	0	0	3
							0.03	0		0	0	0	0	0	0	0	3
							0.03	0		0	0	0	0	0	0	0	3
							0.03	0		0	0	0	0	0	0	0	3
							0.03	0		0	0	0	0	0	0	0	3
							0.03	0		0	0	0	0	0	0	0	3
		377.9933046	74.87116744	98.26840726	32722.8		0.03	0		389.3331038	74.87116744	98.26840726	11.33979914	33704.484	981.684	981.684	3
		2791.576434	100.9349042	129.7734483	322020		0.03	0		2875.323727	100.9349042	129.7734483	83.74729301	331680.6	9660.6	9660.6	3
							0.03	0		0	0	0	0	0	0	0	3
							0.03	0		0	0	0	0	0	0	0	3
							0.03	0		0	0	0	0	0	0	0	3
							0.03	0		0	0	0	0	0	0	0	3
		13.85783826	176.2179609	256.317034	2997		0.03	0		14.27357341	176.2179609	256.317034	0.415735148	3086.91	89.91	89.91	3
		423.3984381	379.5715466	506.0953955	187495		0.03	0		436.1003913	379.5715466	506.0953955	12.70195314	193119.85	5624.85	5624.85	3
																	
19b	"5, 9-11, 18"							0		0	0	0	0	0	0	0	3
	Nieuwwaarde							0		0	0	0	0	0	0	0	3
								0		0	0	0	0	0	0	0	3
								0		0	0	0	0	0	0	0	3
								0		0	0	0	0	0	0	0	3
								0		0	0	0	0	0	0	0	3
								0		0	0	0	0	0	0	0	3
								0		0	0	0	0	0	0	0	3
								0		0	0	0	0	0	0	0	3
		3149.944205	132.310867	233.9723982	576885.9244		-0.006069839	0		3130.824551	132.310867	233.9723982	-19.11965419	573384.3197	-3501.604683	0	3
		18610.50956	163.2203669	288.3854407	4202307.1		-0.007545569	0		18470.08267	163.2203669	288.3854407	-140.4268839	4170598.301	-31708.79816	0	3
								0		0	0	0	0	0	0	0	3
								0		0	0	0	0	0	0	0	3
								0		0	0	0	0	0	0	0	3
		1192.843387	217.4564989	403.2381831	370195.7733		-0.02112909	0		1167.639691	217.4564989	403.2381831	-25.20369549	362373.8734	-7821.899879	0	3
		692.8919129	474.3571336	800.9907313	441839.1108		-0.006390088	0		688.4642724	474.3571336	800.9907313	-4.427640545	439015.7199	-2823.390957	0	3
		4233.984381	777.3110416	1265.238489	4324061.405		-0.027731323	0		4116.570394	777.3110416	1265.238489	-117.4139873	4204149.462	-119911.9423	0	3
																	
																	
																	
																	
																	
