Input-outputtabel 2010 in werklijke prijzen (mln euro)																																																																																												
		Landbouw	Bosbouw	Visserij	Winning van aardolie en aardgas	Delfstoffenwinning (geen olie en gas)	Voedingsmiddelenindustrie	Drankenindustrie	Tabaksindustrie	Textiel-, kleding-, lederindustrie	Houtindustrie	Papierindustrie	Grafische industrie	Aardolie-industrie	Chemische industrie	Farmaceutische industrie	Rubber- en kunststofproductindustrie	Bouwmaterialenindustrie	Basismetaalindustrie	Metaalproductenindustrie	Elektrotechnische industrie	Elektrische apparatenindustrie	Machine-industrie	Auto- en aanhangwagenindustrie	Overige transportmiddelenindustrie	Meubelindustrie	Overige industrie	Reparatie en installatie van machines	Energiebedrijven	Waterleidingbedrijven	Riolering, afvalbeheer en sanering	Algemene bouw en projectontwikkeling	Grond-, water-  en wegenbouw	Gespecialiseerde bouw	Autohandel en -reparatie	Groothandel en handelsbemiddeling	Detailhandel (niet in auto's)	Vervoer over land	Vervoer over water	Vervoer door de lucht	Opslag, dienstverlening voor vervoer	Post en koeriers	Logiesverstrekking	Restaurants en cafés	Uitgeverijen	Film, TV en radio	Telecommunicatie	IT-dienstverlening	Diensten op het gebied van informatie	Bankwezen	Verzekeraars en pensioenfondsen	Overige financiële dienstverlening	Verhuur en handel van onroerend goed	Juridische diensten en administratie	Holdings en managementadviesbureaus	Architecten-, ingenieursbureaus e.d.	Research	Reclamewezen en marktonderzoek	Design, fotografie, vertaalbureaus	Veterinaire dienstverlening	Verhuur van roerende goederen	Uitzendbureaus en arbeidsbemiddeling	Reisbureaus, reisorganisatie en -info	Beveiligings- en opsporingsdiensten	Schoonmaakbedrijven, hoveniers e.d.	Overige zakelijke dienstverlening	Openbaar bestuur en overheidsdiensten	Onderwijs	Gezondheidszorg	Verzorging en welzijn	Kunst, cultuur en kansspelen	Sport en recreatie	Ideële, belangen-, hobbyverenigingen	Reparatie van consumentenartikelen	Overige persoonlijke dienstverlening	Huishoudens met personeel	Goederen en diensten n.e.g.	Totaal kolommen 1-76	Uitvoer goederen	Uitvoer diensten	Consumptieve bestedingen door huishoudens	Consumptieve bestedingen IZW huishoudens	Sociale uitkeringen in natura	Individualiseerbaar bestedingen van de overheid	Collectieve consumptie door overheid	Bruto investeringen vaste activa	Verandering in voorraden inclusief kostbaarheden	Handels- en vervoersmarges	Afgedragen minus toegerekende BTW	Cif/fob-correctie en herclassificatie	Cif/fob-herclassificatie	Totaal
		1	2	3	4	5	6	7	8	9	10	11	12	13	14	15	16	17	18	19	20	21	22	23	24	25	26	27	28	29	30	31	32	33	34	35	36	37	38	39	40	41	42	43	44	45	46	47	48	49	50	51	52	53	54	55	56	57	58	59	60	61	62	63	64	65	66	67	68	69	70	71	72	73	74	75	76	77	78	79	80	81	82	83	84	85	86	87	88	89	90	91
1	Landbouw	4446	1	1	3	1	8162	21	16	32	1	6	3	25	33	7	36	4	16	6	2	3	3	2	0	1	2	1	1	3	10	9	26	60	9	175	35	106	10	24	64	0	21	69	1	1	6	1	0	3	1	0	22	1	14	1	5	0	1	0	2	1	1	0	73	2	159	19	41	78	20	19	4	0	15	0	29	13976	10684	241	1582	0	51	0	0	383	80	185	0			27182
2	Bosbouw	0	7	0	0	0	0	0	0	0	23	1	0	0	2	0	1	0	0	0	0	0	0	0	0	0	0	0	0	0	0	1	0	1	0	1	0	0	0	0	0	0	0	0	0	0	0	0	0	0	0	0	0	0	0	0	0	0	0	0	0	0	0	0	0	0	5	0	0	0	0	0	0	0	0	0	0	42	85	0	5	0	0	0	108	0	0	0	0			240
3	Visserij	0	0	4	0	0	53	0	0	0	0	0	0	0	1	0	0	0	0	0	0	0	0	0	0	0	0	0	0	0	0	0	0	0	0	1	0	0	0	0	0	0	1	3	0	0	0	0	0	0	0	0	0	0	0	0	0	0	0	0	0	0	0	0	0	0	3	0	3	15	0	0	0	0	2	0	0	86	417	2	27	0	0	0	0	0	-1	0	0			531
4	Winning van aardolie en aardgas	738	0	0	476	3	223	21	3	8	3	92	5	650	913	18	20	123	90	12	2	0	11	4	5	15	15	12	1158	1	14	14	10	23	27	185	104	57	1	0	36	3	52	111	1	1	8	3	0	25	14	8	145	19	22	16	14	11	10	1	7	9	4	1	7	6	125	129	73	113	41	51	60	3	39	0	0	6224	9629	1759	2261	0	12	0	0	107	3	200	0			20195
5	Delfstoffenwinning (geen olie en gas)	10	0	0	1	62	0	0	0	0	0	0	0	0	41	0	0	64	0	0	0	0	0	0	0	0	0	0	0	0	0	35	79	36	0	39	0	0	0	0	0	0	0	0	0	0	0	0	0	0	0	0	0	0	3	0	0	0	0	0	0	0	0	0	1	0	5	0	0	0	0	0	0	0	0	0	23	399	139	39	4	0	0	0	0	0	5	65	0			651
6	Voedingsmiddelenindustrie	3264	0	15	0	0	6687	152	0	3	0	31	2	25	130	342	13	0	0	4	1	2	3	1	2	0	2	1	6	0	29	4	3	15	2	324	6	3	0	2	2	0	193	983	0	3	0	3	0	5	2	2	2	1	32	3	5	1	0	0	0	4	0	1	5	0	105	30	224	644	75	105	0	0	49	0	56	13609	21781	1499	8402	0	0	0	0	262	122	968	0			46643
7	Drankenindustrie	2	0	0	0	0	43	90	0	0	0	0	1	0	7	1	2	0	0	2	2	2	0	1	1	0	1	1	0	0	0	2	2	1	2	13	5	1	1	1	2	1	23	362	0	1	1	2	0	5	3	1	0	2	7	1	1	0	0	0	0	5	0	0	8	0	15	14	7	31	17	255	3	0	1	0	24	976	2138	129	592	0	0	0	0	6	2	123	0			3966
8	Tabaksindustrie	12	0	0	0	0	0	0	4	0	0	0	0	0	0	0	0	0	0	0	0	0	0	0	0	0	0	0	0	0	0	0	0	0	0	0	0	0	0	0	0	0	0	0	0	0	0	0	0	0	0	0	0	0	0	0	0	0	0	0	0	0	0	0	0	0	0	0	0	0	0	0	0	0	0	0	0	16	1660	265	217	0	0	0	0	14	-27	136	0			2281
9	Textiel-, kleding-, lederindustrie	5	0	1	1	0	3	7	0	366	0	5	8	0	9	4	22	10	0	3	0	3	11	6	3	21	8	4	0	0	14	9	10	9	4	63	5	3	1	0	6	0	3	2	1	3	3	0	0	4	1	0	0	1	2	0	0	1	0	0	0	0	0	17	17	0	12	1	13	6	4	0	1	1	8	0	21	746	1493	43	564	0	0	0	0	152	25	135	0			3158
10	Houtindustrie	35	7	0	1	1	33	38	1	1	140	12	4	1	29	12	9	21	0	62	4	2	10	0	8	0	10	1	3	1	4	738	24	131	0	24	3	1	1	0	5	0	8	14	2	1	0	0	1	0	0	0	173	1	6	1	5	1	1	0	1	1	0	0	2	47	26	3	1	0	0	1	0	0	46	0	34	1753	408	29	78	0	0	0	0	169	66	78	0			2581
11	Papierindustrie	12	1	4	3	2	445	129	8	9	3	884	87	4	44	42	53	21	11	31	43	2	57	1	7	12	20	14	2	3	4	7	1	10	4	53	52	9	4	0	13	0	6	20	22	7	1	10	2	16	7	7	14	7	15	9	3	9	10	1	4	4	3	2	31	133	77	33	141	91	12	4	12	8	5	0	17	2854	2307	38	429	0	0	0	0	15	57	71	0			5771
12	Grafische industrie	9	0	1	2	1	118	64	8	15	5	25	237	6	30	7	13	8	7	24	50	13	33	12	8	5	10	13	19	2	10	30	10	39	131	316	162	25	11	5	11	4	30	45	851	25	52	73	9	189	47	37	40	40	137	24	20	181	23	2	48	43	49	3	9	28	177	78	56	75	41	7	11	0	12	0	4	3965	401	43	136	0	0	0	0	60	49	80	0			4734
13	Aardolie-industrie	297	1	42	41	2	17	4	0	1	1	4	2	894	1687	9	4	7	35	8	1	8	8	4	6	3	5	5	4	1	24	35	139	118	22	128	28	77	352	737	59	4	1	6	1	0	2	4	1	5	2	2	7	1	8	4	2	1	2	2	54	1	2	0	9	0	35	47	7	4	6	11	7	1	8	0	0	5067	17854	428	2688	0	0	0	0	61	-107	361	0			26352
14	Chemische industrie	197	0	1	6	5	92	19	39	144	9	225	45	278	8107	50	1063	95	29	48	26	39	29	18	12	120	62	4	8	28	24	71	74	153	18	340	6	1	1	2	0	0	5	6	4	8	0	7	0	3	0	0	65	1	19	3	73	1	8	0	0	0	0	0	20	1	53	39	36	11	10	6	1	3	10	0	10	11891	24114	2096	214	0	0	0	0	440	-130	842	0			39467
15	Farmaceutische industrie	26	0	0	0	0	8	1	4	1	0	1	1	1	35	129	2	0	0	0	0	0	0	1	0	1	8	0	0	0	0	0	1	3	0	24	15	0	0	0	0	0	0	0	0	0	0	2	0	0	0	0	0	0	6	0	7	0	1	2	0	0	0	0	2	0	0	0	136	7	0	0	0	0	2	0	3	430	3025	426	89	0	770	0	0	154	19	828	0			5741
16	Rubber- en kunststofproductindustrie	46	0	0	1	0	269	39	11	14	54	44	11	5	110	20	265	90	4	67	13	20	87	115	34	47	37	14	3	1	1	151	65	389	9	46	16	10	0	0	3	0	4	3	7	4	1	4	0	8	12	7	86	3	15	1	4	2	8	0	0	1	1	1	7	6	6	7	17	29	4	3	2	12	5	0	15	2396	3821	73	112	0	0	0	0	232	67	158	0			6859
17	Bouwmaterialenindustrie	5	0	0	0	0	67	74	1	0	2	0	0	0	13	7	4	286	10	6	6	9	3	3	2	2	17	3	9	0	6	1723	601	626	12	23	0	2	0	0	0	0	2	9	0	4	0	0	0	2	5	1	111	0	3	2	3	0	0	0	0	0	0	0	10	0	44	16	15	2	10	11	0	0	10	0	103	3885	1028	39	42	0	0	0	0	98	59	277	0			5428
18	Basismetaalindustrie	0	0	0	0	0	7	0	0	1	0	19	3	1	16	0	12	21	98	1350	27	32	178	41	86	8	9	15	97	0	36	47	22	88	44	15	2	0	0	0	0	0	2	0	0	0	0	0	0	0	0	0	69	0	4	0	0	0	0	0	0	0	0	0	1	0	2	1	0	1	1	0	0	1	0	0	1	2358	5151	81	36	0	0	0	0	83	191	105	0			8005
19	Metaalproductenindustrie	55	6	0	8	2	203	64	1	4	41	6	58	5	84	4	10	49	99	2422	130	5	1871	171	773	15	65	674	30	4	126	1417	1026	1265	10	355	4	15	10	22	10	1	3	3	36	1	8	7	2	1	0	2	42	6	23	4	0	1	0	0	8	3	1	0	18	1	354	14	23	14	0	1	0	0	7	0	95	11798	2842	233	118	0	0	0	0	1387	238	265	0			16881
20	Elektrotechnische industrie	47	0	0	34	5	115	9	20	5	7	17	17	17	134	15	17	28	121	48	677	35	134	23	57	5	19	9	54	9	53	70	42	134	20	152	29	46	17	7	79	30	29	45	11	8	514	286	18	33	15	6	57	47	96	45	21	11	23	0	22	16	1	1	17	33	147	28	67	64	0	6	0	6	22	0	39	4091	15646	1140	501	0	319	0	0	1512	0	1662	0			24871
21	Elektrische apparatenindustrie	5	0	0	6	1	19	3	1	1	0	3	8	3	24	2	5	15	26	54	37	103	50	40	43	12	34	91	10	0	8	43	3	127	0	45	8	2	0	1	15	0	5	6	0	0	11	7	0	10	3	3	6	10	14	2	1	1	2	0	0	0	0	0	1	4	16	6	12	5	0	4	0	3	2	0	48	1030	2517	671	103	0	0	0	0	452	43	116	0			4932
22	Machine-industrie	246	7	2	16	5	88	13	5	5	27	17	78	29	139	12	28	47	115	262	170	29	1544	63	82	11	15	197	76	4	36	211	44	171	105	194	27	20	5	5	31	1	2	2	26	0	21	1	0	3	0	0	7	4	9	27	5	1	9	0	52	1	1	0	9	1	58	7	11	2	1	8	0	0	4	0	5	4459	11894	231	87	0	2	0	0	3228	666	460	0			21027
23	Auto- en aanhangwagenindustrie	9	0	1	0	0	0	0	0	0	0	0	0	0	0	0	0	0	0	3	1	0	5	408	2	0	0	2	0	0	2	10	2	11	169	15	25	16	0	0	2	0	0	1	0	0	3	1	0	1	1	2	0	1	7	4	0	0	0	0	31	1	0	0	1	3	9	2	2	0	1	1	1	0	1	0	0	757	3227	220	833	0	0	0	0	661	77	149	0			5924
24	Overige transportmiddelenindustrie	1	0	5	0	0	0	1	0	0	0	0	0	0	0	0	0	0	3	10	2	0	11	27	375	2	0	63	0	0	0	1	3	7	4	22	5	21	89	10	0	0	0	0	0	0	0	0	0	0	0	0	0	0	0	0	0	0	0	0	0	0	0	0	0	0	79	0	0	0	0	0	0	1	0	0	0	742	3371	289	342	0	3	0	0	1439	281	63	0			6530
25	Meubelindustrie	8	1	0	1	0	4	0	0	1	11	1	0	3	4	1	1	1	5	1	1	1	1	2	18	147	5	7	4	0	2	15	7	24	0	28	3	3	2	4	2	0	1	3	0	1	1	1	0	0	1	0	11	0	4	0	0	0	0	0	2	0	0	0	1	0	6	1	2	0	0	1	0	3	0	0	3	361	585	49	567	0	0	0	0	1409	177	158	0			3306
26	Overige industrie	112	19	0	3	0	19	1	1	7	8	6	2	2	12	6	2	2	3	8	10	6	8	7	10	9	265	31	6	2	9	27	10	20	6	69	17	9	6	3	6	1	3	4	1	2	5	12	0	10	4	1	51	5	14	8	6	10	5	0	3	13	1	1	12	8	326	60	32	22	13	12	2	0	12	0	14	1422	1429	58	394	0	6	0	2512	66	36	138	0			6061
27	Reparatie en installatie van machines	429	10	15	82	9	273	27	22	10	8	55	39	86	330	32	48	70	248	124	68	52	202	12	406	15	23	766	233	10	95	121	90	229	8	181	47	313	54	593	73	2	21	35	6	0	46	60	1	4	2	1	52	11	36	26	9	6	8	2	117	7	1	1	24	6	162	6	12	10	2	1	0	1	25	0	0	6211	229	876	62	0	0	0	0	362	-3	129	0			7866
28	Energiebedrijven	356	6	8	1011	18	458	22	60	33	31	109	65	228	767	32	121	122	472	154	29	26	75	24	24	19	22	10	2145	52	56	19	24	33	74	431	488	163	4	2	113	9	129	213	11	15	72	28	2	51	26	14	208	36	77	30	24	9	10	6	10	14	12	1	14	17	311	178	98	159	110	111	56	0	56	0	0	10023	440	230	3766	0	7	0	0	1615	0	1691	0			17772
29	Waterleidingbedrijven	32	0	0	2	5	61	4	9	2	0	2	1	10	50	10	5	6	36	4	5	0	5	2	3	0	2	13	27	10	24	3	2	7	3	16	10	4	0	2	0	1	19	10	1	0	0	3	2	6	5	2	12	7	9	1	0	3	2	0	1	4	0	1	0	3	75	17	25	35	2	13	5	1	3	0	0	645	4	7	957	0	0	0	0	83	0	1	0			1697
30	Riolering, afvalbeheer en sanering	365	0	2	5	6	110	8	4	6	5	26	13	22	180	19	60	79	459	35	4	3	25	2	5	5	8	6	33	5	1665	146	82	90	12	66	23	81	9	3	10	2	8	14	3	15	7	8	1	14	7	7	18	8	20	7	6	3	3	2	4	4	4	1	2	3	1638	30	176	87	16	30	6	0	2	0	4	5847	681	130	236	0	0	0	78	31	2	112	0			7117
31	Algemene bouw en projectontwikkeling	95	0	2	3	0	33	7	1	5	2	5	5	4	13	4	6	5	4	26	9	3	30	5	6	4	12	7	42	8	17	3418	592	368	5	100	75	25	4	8	81	3	22	5	3	1	26	2	1	0	0	13	3253	14	25	1244	9	0	1	0	2	3	5	1	4	1	454	255	111	186	16	25	15	1	5	0	0	10745	93	365	50	0	266	0	0	25347	-1	38	0			36903
32	Grond-, water-  en wegenbouw	11	9	1	56	12	3	1	0	0	1	5	1	44	19	0	1	27	2	31	0	1	27	0	7	3	1	10	508	22	4	1048	581	892	4	73	1	10	16	2	302	2	2	3	0	1	80	0	0	0	0	0	74	0	5	346	0	0	0	0	0	0	0	0	0	0	2835	14	5	14	2	14	1	0	2	0	0	7136	48	1278	0	0	0	0	0	6498	2	23	0			14985
33	Gespecialiseerde bouw	193	3	1	11	1	38	5	2	4	3	9	10	9	59	7	7	10	46	25	11	7	25	6	18	44	12	8	87	8	66	8304	2934	3923	20	124	114	45	16	27	247	9	17	19	10	2	131	20	2	0	1	3	3783	11	51	23	7	3	5	0	14	7	2	1	13	4	963	300	109	186	30	71	20	0	9	0	0	22315	56	808	379	0	256	0	0	11535	0	284	0			35633
34	Autohandel en -reparatie	81	4	0	11	1	43	2	2	4	6	4	6	2	10	3	4	8	4	26	4	2	16	10	5	8	5	11	11	3	106	71	53	194	1919	466	120	663	0	1	70	21	4	41	7	5	27	61	3	41	29	42	41	46	127	36	12	22	12	2	1504	28	3	16	19	8	131	60	71	50	36	35	33	7	29	0	0	6568	42	175	4572	0	0	0	0	96	0	4966	0			16419
35	Groothandel en handelsbemiddeling	295	7	3	35	5	499	62	12	31	17	151	39	65	333	86	82	54	235	88	224	49	207	38	41	21	28	30	131	7	165	174	70	183	33	3583	572	59	25	32	90	5	20	60	47	4	40	271	15	15	12	6	36	20	264	25	6	31	24	1	80	11	4	1	18	15	252	22	59	54	8	9	3	4	9	0	6	9318	9706	5546	2903	0	1	0	0	-1938	39	55047	0			80622
36	Detailhandel (niet in auto's)	5	0	0	2	1	12	3	0	3	0	1	1	1	5	2	3	3	4	3	5	3	4	2	0	1	0	3	4	1	3	1	4	10	21	143	282	15	2	0	7	5	4	5	5	1	249	10	0	5	1	3	25	8	33	6	0	3	18	0	25	2	1	1	4	1	7	6	5	0	6	4	3	0	1	0	0	1007	53	419	541	0	5	0	0	207	0	32541	0			34773
37	Vervoer over land	128	0	4	11	1	58	14	5	10	5	7	13	268	60	12	10	12	20	34	25	9	24	26	31	7	12	7	28	0	389	12	6	18	142	1667	123	5436	41	24	66	20	8	12	14	8	22	15	2	21	15	9	14	15	60	10	12	10	6	0	21	13	243	2	3	21	162	50	104	126	3	9	52	6	25	0	0	9878	24	4849	3735	0	572	0	0	380	0	6436	0			25874
38	Vervoer over water	1	0	0	0	0	0	0	0	0	0	0	0	0	1	0	0	0	0	0	0	0	1	0	5	0	0	0	0	0	0	0	0	0	1	147	0	274	101	0	0	0	0	0	0	0	0	0	0	0	0	0	0	0	4	0	0	0	0	0	0	0	41	0	0	0	0	0	0	0	0	0	0	0	0	0	0	576	3	5549	182	0	0	0	0	16	0	776	0			7102
39	Vervoer door de lucht	14	3	0	7	0	27	12	3	3	0	5	3	6	14	7	3	4	5	2	11	3	7	1	4	3	2	866	12	0	0	3	3	4	15	90	18	8	7	83	54	21	5	5	9	8	10	12	4	22	5	1	7	6	34	0	11	0	6	0	0	8	805	0	4	13	39	17	40	20	4	4	4	4	3	0	0	2443	0	5867	975	0	0	0	0	88	0	99	0			9472
40	Opslag, dienstverlening voor vervoer	62	0	14	0	1	146	7	4	8	4	8	7	776	301	8	13	12	18	32	70	8	33	10	11	5	4	2	0	0	3	5	1	6	89	621	72	361	167	792	3193	10	2	2	2	0	1	27	0	7	5	12	3	7	42	10	0	5	9	0	13	17	9	1	3	44	212	7	7	7	2	0	0	0	9	0	0	7349	24	4187	249	0	0	0	1586	279	0	3807	0			17481
41	Post en koeriers	22	0	2	3	1	15	2	0	2	2	4	7	4	8	3	4	6	4	11	8	3	13	2	4	3	9	7	14	6	6	29	15	51	45	247	264	47	5	4	28	331	11	24	111	37	109	54	3	260	61	39	135	41	103	38	6	26	17	3	13	31	22	6	11	14	301	83	143	163	27	18	28	2	9	0	0	3190	0	1428	330	0	0	0	0	40	0	4	0			4992
42	Logiesverstrekking	1	0	0	1	0	9	3	1	1	1	1	1	1	4	3	2	1	3	4	5	2	6	1	1	2	3	2	5	1	2	4	3	5	7	68	6	10	3	2	8	0	131	7	7	4	4	5	0	9	4	4	6	11	16	7	4	2	2	0	2	7	79	2	3	3	48	28	58	43	8	12	4	0	4	0	0	707	0	1249	2884	0	42	0	0	24	0	119	0			5025
43	Restaurants en cafés	3	1	0	2	0	15	5	1	2	0	2	3	2	9	4	3	4	3	7	6	5	9	1	4	2	11	3	8	1	3	6	4	10	20	114	32	14	2	259	11	1	6	109	9	9	11	16	1	22	12	5	10	14	33	8	5	4	3	0	4	11	50	3	10	2	113	26	458	333	32	40	32	1	5	0	0	1989	0	1071	10818	0	0	0	0	25	3	280	0			14186
44	Uitgeverijen	4	0	0	3	2	59	12	3	4	4	8	13	3	24	14	10	7	10	22	22	7	25	7	10	9	11	9	18	3	15	23	6	28	37	462	215	46	8	12	31	7	16	28	235	9	52	61	5	90	47	33	61	49	132	27	17	563	17	2	16	71	18	6	9	8	269	325	139	113	43	3	9	3	15	0	4	3708	256	234	1783	0	0	0	0	207	17	131	0			6336
45	Film, TV en radio	1	0	0	0	0	27	17	3	1	0	1	3	0	5	6	3	2	2	3	16	3	3	0	0	2	2	1	2	0	1	4	1	6	20	87	65	1	0	2	1	1	5	8	54	605	26	14	2	26	15	6	20	11	47	8	1	1009	6	0	46	13	14	0	1	6	78	5	5	9	11	5	5	0	1	0	1	2355	35	212	590	860	0	0	0	145	11	45	0			4253
46	Telecommunicatie	73	0	4	8	2	53	6	1	9	7	10	28	5	30	13	16	15	8	43	32	8	47	7	12	12	21	24	35	13	16	80	25	151	97	672	339	93	21	4	82	16	31	63	70	91	1343	182	8	609	108	59	266	152	648	90	25	79	46	5	34	72	40	16	30	29	367	140	263	175	137	101	76	8	34	0	0	7535	105	1381	7802	0	0	0	0	420	1	0	0			17244
47	IT-dienstverlening	46	1	3	31	5	177	11	8	10	5	26	30	21	237	69	26	26	29	68	168	21	94	31	23	16	20	42	117	30	44	79	192	288	79	939	180	91	65	9	207	44	49	73	145	47	220	2564	213	253	73	43	94	156	685	149	112	58	37	3	66	181	22	14	36	34	1090	200	169	121	27	12	12	25	23	0	0	10614	237	5689	568	0	0	0	0	3562	35	1008	0			21713
48	Diensten op het gebied van informatie	7	0	0	3	1	17	0	1	2	0	2	2	1	20	4	3	3	2	5	22	5	6	3	2	2	1	4	13	2	6	7	5	9	8	66	30	11	2	3	12	2	2	12	34	23	8	230	26	84	12	5	15	15	33	8	3	4	5	0	6	6	4	3	2	1	110	6	19	10	2	2	3	3	6	0	0	996	7	406	30	0	0	0	0	302	0	15	0			1756
49	Bankwezen	183	1	5	214	11	449	54	26	31	28	62	64	259	427	66	67	58	83	189	340	61	221	50	74	32	50	86	203	21	89	471	199	407	222	1076	673	348	101	89	254	84	81	183	91	72	236	333	19	1235	2946	334	19424	207	621	196	49	94	61	2	132	209	88	16	80	48	1127	138	397	358	82	91	244	9	42	0	0	36673	0	8977	4013	0	15	0	1	282	0	0	0			49961
50	Verzekeraars en pensioenfondsen	91	1	5	4	0	22	3	1	4	3	2	6	8	13	3	5	5	3	14	6	2	13	2	1	4	6	5	13	1	10	19	8	29	65	581	272	109	30	14	32	37	13	28	6	5	14	18	2	105	967	37	631	28	43	15	7	8	5	2	129	13	3	2	6	3	2051	12	22	27	5	13	4	2	10	0	0	5688	0	1467	12769	0	25	0	0	351	0	0	0			20300
51	Overige financiële dienstverlening	9	0	0	5	0	18	1	2	1	0	2	2	3	11	1	2	5	5	2	3	3	4	2	4	0	3	2	2	2	5	3	3	8	7	34	11	8	1	2	4	3	3	4	2	1	4	2	0	1509	3599	11	24	7	15	1	1	1	0	0	17	3	1	1	1	1	0	2	45	36	4	1	18	0	9	0	0	5506	0	246	162	0	0	0	0	106	0	0	0			6020
52	Verhuur en handel van onroerend goed	96	14	1	19	1	176	44	1	47	40	38	81	44	83	23	81	60	15	229	66	39	195	11	19	76	39	88	80	6	72	561	87	362	565	980	3396	276	0	9	583	81	294	643	81	77	187	361	21	651	306	63	2645	564	762	449	88	158	99	14	105	226	33	18	57	72	327	249	206	894	63	72	150	29	148	0	0	18796	0	659	44824	0	2341	0	0	1846	0	194	0			68660
53	Juridische diensten en administratie	277	0	6	33	7	145	23	2	10	8	26	48	17	165	19	24	18	43	76	124	19	94	23	24	15	15	33	111	22	22	106	82	207	109	1186	542	160	55	8	118	51	40	69	42	32	81	160	7	545	237	50	206	319	2008	92	46	175	95	4	54	146	89	6	31	118	1344	478	253	164	154	95	234	23	31	0	0	11501	0	635	1769	0	350	0	0	1185	0	14	0			15454
54	Holdings en managementadviesbureaus	127	0	1	165	10	502	87	8	51	28	102	150	45	438	166	114	70	79	208	825	110	278	51	72	70	55	112	415	42	86	292	179	418	243	3826	854	290	156	59	297	152	119	215	154	88	425	787	47	605	308	154	659	948	4226	331	194	222	273	11	154	345	117	50	122	171	1561	223	157	87	94	47	150	9	33	0	0	24319	36	8013	1	0	0	0	0	1205	1	407	0			33982
55	Architecten-, ingenieursbureaus e.d.	33	0	1	74	6	127	5	1	3	3	8	6	91	80	16	10	6	18	354	9	12	50	14	39	4	9	33	100	26	8	507	257	236	101	210	106	59	13	1	96	6	8	20	2	2	19	16	3	22	11	6	119	10	160	1263	23	2	4	5	4	131	4	2	18	3	386	30	21	7	3	9	54	0	7	0	5	5117	33	1664	48	0	0	0	0	7641	91	459	0			15053
56	Research	4	0	0	3	0	41	2	0	1	1	3	1	20	41	15	1	1	1	5	33	17	11	2	2	1	6	0	2	2	0	6	5	3	17	43	18	10	2	0	1	1	1	3	1	0	1	2	0	2	1	1	1	2	89	28	184	0	36	0	0	0	0	0	0	0	78	9	2	0	0	0	1	0	0	0	0	764	0	928	3	0	0	0	623	2133	0	143	0			4594
57	Reclamewezen en marktonderzoek	17	0	0	6	3	232	119	25	14	3	10	25	6	69	45	22	23	19	39	144	19	41	8	17	18	20	16	62	5	12	53	18	92	173	979	668	41	9	24	19	17	54	80	134	52	238	117	21	278	138	59	186	158	589	52	13	727	58	2	70	134	132	5	17	61	444	59	50	45	62	46	57	5	13	0	0	7288	99	510	0	0	0	0	0	89	2	99	0			8087
58	Design, fotografie, vertaalbureaus	15	0	0	12	4	85	19	3	11	4	16	19	10	84	15	8	14	14	24	42	12	21	5	21	9	20	19	22	4	12	40	25	41	81	344	277	38	20	16	39	15	41	82	116	107	29	180	59	71	38	19	53	49	285	56	26	163	479	1	43	39	43	7	14	34	341	73	19	38	35	25	29	12	29	0	0	4115	3	504	150	0	0	0	0	71	0	309	0			5152
59	Veterinaire dienstverlening	228	0	0	0	0	0	0	0	0	0	0	0	0	0	0	0	0	0	0	0	0	0	0	0	0	0	0	0	0	0	0	0	0	0	0	0	0	0	0	0	0	0	0	0	0	0	0	0	0	0	0	0	0	0	0	0	0	0	0	0	0	0	0	0	0	8	0	0	0	9	1	0	0	0	0	0	246	0	3	300	0	0	0	0	2	0	68	0			619
60	Verhuur van roerende goederen	1	0	1	232	1	76	24	6	6	4	10	68	26	57	5	40	33	32	73	15	13	57	8	9	11	7	35	22	7	14	71	160	220	18	355	44	599	75	42	171	61	7	25	15	31	95	153	11	61	28	22	54	111	153	48	13	36	33	3	153	39	19	11	35	40	82	47	51	120	76	69	41	6	32	0	0	4429	22	1314	4398	0	0	0	0	40	0	236	0			10439
61	Uitzendbureaus en arbeidsbemiddeling	69	0	2	139	7	792	34	12	36	49	68	55	52	231	88	91	113	103	365	190	127	436	74	169	31	19	205	257	49	168	100	86	552	70	1155	241	390	225	84	458	74	94	186	84	60	254	779	35	708	256	79	109	324	1023	481	162	101	120	5	98	794	22	58	279	129	733	759	531	520	11	52	24	18	32	0	0	16386	0	136	33	0	280	0	104	318	0	65	0			17322
62	Reisbureaus, reisorganisatie en -info	2	0	0	0	0	0	0	0	0	0	0	2	4	0	1	1	0	0	0	1	0	2	0	0	0	0	0	0	0	5	1	1	0	3	25	7	70	2	36	7	1	116	73	3	7	0	3	0	15	82	2	2	3	8	3	3	8	0	0	1	4	1147	0	0	0	55	11	0	0	38	56	4	0	1	0	0	1816	0	1018	3749	0	0	0	0	50	0	36	0			6669
63	Beveiligings- en opsporingsdiensten	4	0	0	20	1	32	3	3	3	4	5	14	3	69	9	4	4	7	8	6	2	11	5	5	2	8	4	28	9	5	11	6	20	13	89	158	17	11	10	235	6	27	24	7	6	6	6	1	62	20	12	61	12	32	9	3	4	3	1	6	6	5	64	60	4	231	206	11	10	18	17	5	1	4	0	0	1798	3	46	21	0	0	0	0	24	0	8	0			1900
64	Schoonmaakbedrijven, hoveniers e.d.	32	2	0	21	3	114	7	5	5	6	14	18	14	70	16	14	15	26	60	30	12	57	16	9	8	24	23	39	7	26	31	15	63	89	217	193	154	42	14	102	12	75	86	14	12	28	73	7	178	101	29	392	41	111	38	13	22	22	1	56	65	14	12	453	9	753	570	278	141	127	93	76	3	34	0	0	5552	0	73	2328	0	0	0	0	141	0	161	0			8255
65	Overige zakelijke dienstverlening	169	0	9	0	2	103	10	4	10	9	10	9	2	71	30	10	10	19	16	49	10	23	10	8	8	8	9	20	10	10	12	6	13	4	420	84	46	12	7	48	6	25	46	28	0	94	196	41	107	35	13	58	48	152	26	0	48	65	1	43	46	34	6	25	203	168	41	9	41	17	12	45	15	13	0	0	3017	5	532	26	0	0	0	0	69	0	78	0			3727
66	Openbaar bestuur en overheidsdiensten	86	0	3	10	9	121	11	2	13	6	40	18	11	71	20	20	29	32	40	13	9	40	9	15	9	16	14	50	9	113	61	28	87	181	229	116	255	26	16	43	10	35	40	15	20	26	56	5	13	30	28	84	64	78	47	30	261	24	5	25	43	19	6	22	27	1460	149	357	346	25	63	21	3	18	0	0	5336	238	690	3427	0	28	15375	47416	2806	3	0	0			75319
67	Onderwijs	3	0	0	5	1	30	4	3	2	4	6	7	7	18	10	7	5	5	19	17	4	26	5	6	3	24	16	27	3	12	27	34	39	25	75	44	40	3	14	27	8	9	18	11	39	10	30	3	168	78	18	20	258	179	35	90	36	18	1	10	56	6	1	11	12	916	496	129	59	126	25	51	2	13	0	0	3549	0	394	2346	0	0	26285	2449	2718	0	0	0			37741
68	Gezondheidszorg	11	0	0	2	0	22	2	2	2	3	3	5	13	11	3	5	4	4	14	5	5	13	3	3	3	5	7	6	1	5	19	10	35	24	91	66	36	13	34	66	7	8	20	5	3	5	22	2	22	11	9	11	20	23	15	6	7	4	1	4	61	3	5	9	6	544	63	1267	427	7	7	11	1	7	0	0	3179	0	223	5796	0	29723	798	0	1260	0	0	0			40979
69	Verzorging en welzijn	0	0	0	0	0	0	0	0	0	0	0	0	0	0	0	0	0	0	0	0	0	0	0	0	0	0	0	0	0	0	0	0	0	0	0	0	0	0	0	0	0	0	0	0	0	0	0	0	0	0	0	0	0	0	0	0	0	0	0	0	0	0	0	0	0	324	0	121	327	0	0	0	0	0	0	0	772	0	10	3265	93	24330	2600	1319	151	0	0	0			32540
70	Kunst, cultuur en kansspelen	0	0	0	0	0	3	1	0	0	0	1	0	0	0	0	0	0	0	2	2	0	4	0	1	0	2	1	3	1	0	2	1	4	2	30	10	5	1	1	4	0	38	64	47	347	2	7	0	12	6	4	3	5	31	4	1	34	259	1	1	6	78	1	1	0	77	47	12	13	1071	33	25	0	0	0	0	2311	37	553	3476	470	14	893	0	343	112	3	0			8212
71	Sport en recreatie	1	0	0	1	0	17	10	2	2	0	2	2	1	6	5	2	2	2	4	12	3	3	1	1	2	2	3	2	0	12	6	3	9	15	74	62	5	0	2	2	2	5	8	14	22	20	12	2	25	15	5	18	10	43	6	2	51	6	0	6	13	36	1	3	6	112	81	2	14	75	454	6	0	7	0	0	1360	0	288	3132	709	16	0	0	56	0	1	0			5562
72	Ideële, belangen-, hobbyverenigingen	61	0	1	3	1	41	3	2	23	3	5	4	4	19	5	8	7	6	24	9	6	21	5	9	6	11	8	16	2	13	54	17	61	27	125	87	20	11	1	19	1	27	42	12	15	6	65	4	53	34	29	79	57	82	33	14	26	19	3	18	29	7	5	12	9	141	33	201	81	1	14	133	2	10	0	0	2045	31	1	440	3184	0	0	182	56	0	0	0			5939
73	Reparatie van consumentenartikelen	3	0	0	1	1	9	0	1	0	1	0	2	3	5	3	2	1	2	1	3	1	2	2	3	10	3	3	4	1	2	3	3	4	3	14	11	6	5	2	5	1	4	3	3	2	2	27	3	14	6	1	33	7	16	8	1	1	0	0	2	3	1	0	4	1	27	5	4	1	0	5	1	0	0	0	0	311	0	109	252	0	0	0	0	50	2	73	0			797
74	Overige persoonlijke dienstverlening	6	0	0	2	0	21	2	1	4	2	3	4	1	7	2	5	5	5	10	1	1	12	3	7	4	10	3	2	2	7	16	9	15	28	20	23	20	5	6	7	4	54	90	2	5	0	3	1	3	7	1	7	7	10	4	2	0	11	11	2	12	2	9	19	2	41	17	119	188	36	18	16	0	303	0	0	1287	0	96	3534	0	0	0	0	49	0	74	0			5040
75	Huishoudens met personeel	0	0	0	0	0	0	0	0	0	0	0	0	0	0	0	0	0	0	0	0	0	0	0	0	0	0	0	0	0	0	0	0	0	0	0	0	0	0	0	0	0	0	0	0	0	0	0	0	0	0	0	0	0	0	0	0	0	0	0	0	0	0	0	0	0	0	0	0	0	0	0	0	0	0	0	0	0	0	0	4	0	421	0	0	0	0	0	0			425
76	Goederen en diensten n.e.g.	15	0	0	1	0	88	7	2	6	5	11	9	4	16	4	12	10	9	31	16	7	15	11	13	6	11	14	15	2	12	307	27	321	6	25	33	11	2	2	3	3	3	30	2	1	2	7	1	9	4	3	195	6	8	6	2	4	2	0	2	20	1	2	51	2	24	21	22	38	6	4	37	0	31	0	0	1638	0	0	0	0	0	0	0	0	0	0	0			1638
77	Verbruik uit binnenland exclusief marges	13354	112	171	2862	229	22074	1455	379	1053	650	2287	1481	4155	16145	1596	2567	1866	2818	6985	3910	1028	6591	1460	2687	951	1191	3732	6464	475	3818	21006	8166	13212	5348	25216	11629	11210	1883	3180	7672	1200	2087	4527	2638	1961	4905	7482	619	8335	9822	1375	34115	4053	13691	5500	1417	4261	2036	108	3347	3056	3347	392	1801	1467	24816	6129	7281	7097	2925	2347	1908	248	1362	0	564	401287	160196	81166	164101	5316	59855	45951	56378	84756	2315	117603	0			1178924
78	Invoer goederen	1660	8	41	12	47	10558	799	259	683	769	1410	868	21102	11446	622	1466	902	2866	2632	3059	1260	4479	1772	1000	652	475	901	3195	36	483	2504	818	4171	1599	1481	261	1560	662	1420	85	22	290	1564	222	47	1419	95	26	85	50	40	521	64	110	185	193	51	170	76	223	35	16	12	336	121	1276	494	2924	784	117	196	61	100	255	0	240	102443	162498	922	25171	0	1771	0	0	15973	1940	0	0	-10651		300067
79	Invoer diensten	321	8	8	307	14	845	175	96	128	49	128	265	194	1859	533	172	246	153	304	12327	168	385	90	437	96	61	138	547	17	128	699	213	603	546	7276	1045	1024	2282	1982	1009	1005	105	233	248	229	1456	1430	75	6262	582	301	578	733	3214	448	401	515	491	9	300	404	1758	42	144	150	1378	273	300	239	124	102	198	32	61	0	0	60698	0	12776	12637	0	0	0	0	5745	0	2283	0		7379	101518
80	Invoerrechten	9	0	0	0	0	117	2	7	9	2	3	0	4	35	2	5	6	7	12	16	9	32	7	6	3	2	3	1	0	2	11	4	27	5	9	1	4	0	3	0	1	3	14	0	1	8	1	0	0	0	0	0	1	0	3	0	1	0	0	1	0	0	0	2	1	4	3	7	7	0	0	0	0	1	0	0	424	1035	6	205	0	1	0	0	61	0	0	0			1732
81	Overige belastingen op invoer	45	0	0	5	2	26	10	9	7	4	1	3	1	1	0	5	7	0	10	3	9	6	4	1	1	17	4	12	29	49	52	37	178	96	160	117	706	6	0	53	20	32	174	2	2	3	17	0	22	8	10	38	10	28	17	3	3	11	1	242	11	1	6	35	4	63	45	22	49	13	59	17	11	21	0	8	2684	85	71	4130	0	1	0	0	1078	3	0	0			8052
82	Subsidies op invoer	0	0	0	0	0	0	0	0	0	0	0	0	0	0	0	0	0	0	0	0	0	0	0	0	0	0	0	0	0	0	0	0	0	0	0	0	0	0	0	0	0	0	0	0	0	0	0	0	0	0	0	0	0	0	0	0	0	0	0	0	0	0	0	0	0	0	0	0	0	0	0	0	0	0	0	0	0	2	0	0	0	0	0	0	0	0	0	0			2
83	Niet-aftrekbare BTW	0	0	0	0	0	0	0	50	0	0	0	0	0	0	0	0	0	0	0	0	0	0	0	0	0	0	0	0	0	0	0	0	0	0	0	5	0	5	0	119	173	0	0	0	87	0	0	0	969	370	159	1356	0	0	0	0	0	0	0	0	0	0	0	0	0	3700	907	1122	828	84	123	256	0	38	0	47	10398	0	819	21678	0	611	0	0	9887	0	0	-739			42654
84	Overige productgebonden belastingen	219	3	3	2	9	167	13	11	15	6	30	17	21	82	13	40	45	18	44	12	6	26	14	8	9	14	10	6	118	27	44	38	109	95	197	148	141	20	4	51	17	52	201	3	7	25	36	3	41	17	16	131	28	35	20	7	19	18	2	75	11	4	3	19	7	161	100	89	82	41	108	33	3	45	0	7	3321	2	83	7935	0	2	0	0	2786	0	0	0			14129
85	Overige productgebonden subsidies	54	0	3	4	2	95	3	7	4	4	7	4	19	46	7	12	10	30	16	11	4	11	2	3	3	3	3	7	4	5	10	7	15	12	85	49	68	1	20	16	2	18	24	6	25	10	12	1	21	11	5	28	19	48	12	7	7	4	1	3	7	94	1	4	10	70	35	14	15	82	39	8	2	10	0	0	1321	88	166	1425	0	506	0	0	43	0	0	0			3549
86	Handels- en vervoersmarges	1197	5	18	13	67	4047	274	115	234	227	339	146	224	1652	224	254	499	285	944	1102	455	1682	795	458	192	196	341	253	18	82	2188	798	2144	1097	751	215	333	40	63	64	18	177	976	54	37	277	81	17	71	32	29	350	37	73	174	54	35	70	40	108	19	12	13	224	71	587	254	1407	539	95	218	34	25	222	0	772	31233	36570	1697	42762	0	3168	0	0	4406	50	0	0			119886
87	Verbruik tegen aankoopprijzen	16751	136	238	3197	366	37739	2725	919	2125	1703	4191	2776	25682	31174	2983	4497	3561	6117	10915	20418	2931	13190	4140	4594	1901	1953	5126	10471	689	4584	26494	10067	20429	8774	35005	13372	14910	4897	6632	9037	2454	2728	7665	3161	2346	8083	9130	739	15764	10870	1925	37061	4907	17103	6335	2068	4878	2792	235	4293	3529	5044	467	2557	1811	31915	8170	13138	9610	3317	3114	2499	417	1995	0	1638	611167	360296	97374	277194	5316	64903	45951	56378	124649	4308	119886	-739	-10651	7379	1763411
88	Niet-productgebonden belastingen	393	6	3	19	2	248	61	5	13	8	26	10	8	61	29	20	22	23	37	13	7	37	9	13	8	16	16	27	33	48	75	25	81	82	326	167	143	7	56	77	9	155	53	11	14	29	31	1	121	157	21	2080	41	45	35	20	11	10	2	471	21	4	6	15	25	368	244	157	236	39	23	27	3	17	0	0	6762	0	0	0	0	0	0	0	0	0	0	0			6762
89	Niet-productgebonden subsidies	932	6	1	3	2	95	5	1	12	20	23	10	1	54	21	35	20	60	72	62	27	108	31	33	10	88	22	7	1	83	50	38	112	50	280	275	103	64	3	18	22	35	63	8	21	39	169	7	46	8	12	41	25	104	96	1244	13	60	1	10	194	22	39	63	65	135	198	1825	206	19	9	39	2	64	0	0	7742	0	0	0	0	0	0	0	0	0	0	0			7742
90	Lonen	1999	65	50	527	77	3950	372	160	483	502	787	1011	406	2594	865	1145	987	956	3080	1464	887	3261	770	746	648	2825	1690	1287	248	1087	4634	2629	7618	3673	18536	10385	5934	680	1380	3248	1335	1135	2964	1381	801	1656	6926	466	8388	4116	2634	2831	5776	9169	4887	1613	1533	892	147	936	9988	557	957	2424	921	22640	17643	15374	15962	1582	1343	2345	144	1028	402	0	246542	0	0	0	0	0	0	0	0	0	0	0			246542
91	Sociale premies t.l.v. werkgevers	463	17	9	190	15	932	79	33	128	128	189	244	174	571	197	271	271	227	762	296	180	785	195	178	158	885	440	322	68	309	1258	664	1962	839	3999	2247	1682	163	458	858	410	229	569	299	199	473	1475	92	2297	978	574	904	1716	2464	1086	332	344	163	32	254	2089	113	243	658	185	7624	5239	4000	4470	414	282	599	31	223	23	0	63929	0	0	0	0	0	0	0	0	0	0	0			63929
92	Bruto exploitatieoverschot	8508	22	232	16265	193	3869	734	1165	421	260	601	703	83	5121	1688	961	607	742	2159	2742	954	3862	841	1032	601	470	616	5672	660	1172	4492	1638	5655	3101	23036	8877	3308	1419	949	4279	806	813	2998	1492	914	7042	4320	465	23437	4187	878	25825	3039	5305	2806	1805	1334	1355	204	4495	1889	973	266	2664	850	12907	6643	10135	2468	2879	809	508	204	1841	0	0	258266	0	0	0	0	0	0	0	0	0	0	739			259005
93	Bruto toegevoegde waarde basisprijzen	10431	104	293	16998	285	8904	1241	1362	1033	878	1580	1958	670	8293	2758	2362	1867	1888	5966	4453	2001	7837	1784	1936	1405	4108	2740	7301	1008	2533	10409	4918	15204	7645	45617	21401	10964	2205	2840	8444	2538	2297	6521	3175	1907	9161	12583	1017	34197	9430	4095	31599	10547	16879	8718	2526	3209	2360	384	6146	13793	1625	1433	5698	1916	43404	29571	27841	22930	4895	2448	3440	380	3045	425	0	567757	0	0	0	0	0	0	0	0	0	0	739	0	0	568496
94	Cif/fob-correctie																																																																															-3272												-3272
95	Totaal	27182	240	531	20195	651	46643	3966	2281	3158	2581	5771	4734	26352	39467	5741	6859	5428	8005	16881	24871	4932	21027	5924	6530	3306	6061	7866	17772	1697	7117	36903	14985	35633	16419	80622	34773	25874	7102	9472	17481	4992	5025	14186	6336	4253	17244	21713	1756	49961	20300	6020	68660	15454	33982	15053	4594	8087	5152	619	10439	17322	6669	1900	8255	3727	75319	37741	40979	32540	8212	5562	5939	797	5040	425	1638	1178924	360296	94102	277194	5316	64903	45951	56378	124649	4308	119886	0	-10651	7379	2328635
